#step	logL
0	-205.473
34	-208.738
68	-202.829
102	-197.387
136	-203.024
170	-202.781
204	-207.799
238	-208.908
272	-203.588
306	-210.403
340	-199.555
374	-201.368
408	-207.135
442	-205.081
476	-199.566
510	-201.088
544	-200.773
578	-205.936
612	-205.303
646	-212.808
680	-203.35
714	-205.668
748	-197.939
782	-197.997
816	-189.013
850	-191.257
884	-203.627
918	-208.85
952	-204.502
986	-208.163
1020	-213.031
1054	-210.165
1088	-215.575
1122	-212.851
1156	-203.608
1190	-204.723
1224	-190.711
1258	-196.452
1292	-197.741
1326	-197.839
1360	-208.656
1394	-196.481
1428	-195.269
1462	-203.811
1496	-200.744
1530	-193.223
1564	-198.288
1598	-207.753
1632	-195.531
1666	-203.152
1700	-189.189
1734	-191.88
1768	-196.572
1802	-190.343
1836	-197.412
1870	-196.957
1904	-199.068
1938	-189.336
1972	-190.797
2006	-195.178
2040	-200.629
2074	-196.646
2108	-190.224
2142	-194.655
2176	-197.146
2210	-190.005
2244	-188.483
2278	-189.244
2312	-196.986
2346	-191.577
2380	-189.833
2414	-193.561
2448	-200.345
2482	-197.31
2516	-194.736
2550	-203.809
2584	-194.022
2618	-187.381
2652	-195.697
2686	-202.17
2720	-202.165
2754	-200.849
2788	-206.198
2822	-198.866
2856	-201.727
2890	-204.664
2924	-201.877
2958	-197.238
2992	-200.938
3026	-215.495
3060	-208.01
3094	-205.501
3128	-208.022
3162	-203.471
3196	-211.752
3230	-211.02
3264	-206.725
3298	-206.227
3332	-208.261
3366	-204.299
3400	-206.101
3434	-207.453
3468	-213.83
3502	-204.815
3536	-205.206
3570	-205.641
3604	-203.387
3638	-206.271
3672	-208.41
3706	-206.883
3740	-207.582
3774	-213.426
3808	-209.985
3842	-212.51
3876	-211.844
3910	-202.348
3944	-207.942
3978	-208.446
4012	-205.336
4046	-211.047
4080	-194.034
4114	-186.349
4148	-189.838
4182	-186.239
4216	-189.939
4250	-177.266
4284	-180.998
4318	-168.351
4352	-176.988
4386	-178.675
4420	-178.632
4454	-180.122
4488	-189.168
4522	-189.127
4556	-176.241
4590	-194.394
4624	-180.936
4658	-182.643
4692	-186.543
4726	-196.437
4760	-196.042
4794	-194.195
4828	-193.981
4862	-196.573
4896	-207.743
4930	-206.749
4964	-209.482
4998	-206.104
5032	-203.411
5066	-204.302
5100	-207.442
5134	-202.933
5168	-196.594
5202	-200.115
5236	-200.023
5270	-210.287
5304	-206.737
5338	-203.616
5372	-208.292
5406	-210.049
5440	-209.206
5474	-205.056
5508	-207.752
5542	-202.881
5576	-208.023
5610	-205.806
5644	-204.767
5678	-205.528
5712	-200.835
5746	-204.116
5780	-202.174
5814	-200.843
5848	-199.211
5882	-196.698
5916	-198.658
5950	-200.698
5984	-199.364
6018	-195.323
6052	-192.617
6086	-199.869
6120	-197.775
6154	-201.56
6188	-204.898
6222	-206.206
6256	-205.599
6290	-204.374
6324	-204.666
6358	-200.28
6392	-202.913
6426	-202.441
6460	-204.398
6494	-205.804
6528	-202.891
6562	-199.315
6596	-202.216
6630	-201.997
6664	-200.838
6698	-213.487
6732	-212.641
6766	-211.853
6800	-214.325
6834	-213.909
6868	-208.584
6902	-206.487
6936	-206.816
6970	-211.143
7004	-209.605
7038	-206.665
7072	-203.338
7106	-204.02
7140	-205.128
7174	-206.228
7208	-208.721
7242	-208.801
7276	-206.173
7310	-206.863
7344	-204.613
7378	-201.744
7412	-196.88
7446	-194.14
7480	-181.912
7514	-184.601
7548	-190.589
7582	-194.276
7616	-198.993
7650	-202.437
7684	-204.838
7718	-205.774
7752	-200.193
7786	-195.646
7820	-196.813
7854	-197.569
7888	-198.164
7922	-199.228
7956	-198.757
7990	-197.3
8024	-197.732
8058	-190.134
8092	-188.778
8126	-188.457
8160	-176.328
8194	-192.235
8228	-192.924
8262	-186.374
8296	-193.566
8330	-200.081
8364	-209.048
8398	-206.458
8432	-203.767
8466	-203.071
8500	-208.067
8534	-203.374
8568	-206.91
8602	-199.367
8636	-206.702
8670	-208.189
8704	-206.463
8738	-207.52
8772	-205.118
8806	-203.012
8840	-199.329
8874	-201.791
8908	-194.503
8942	-196.376
8976	-200.208
9010	-201.405
9044	-199.548
9078	-196.299
9112	-195.228
9146	-185.846
9180	-194.669
9214	-198.127
9248	-189.803
9282	-196.247
9316	-198.8
9350	-207.216
9384	-210.1
9418	-205.014
9452	-204.925
9486	-205.529
9520	-204.771
9554	-204.297
9588	-202.51
9622	-201.693
9656	-198.298
9690	-196.643
9724	-198.295
9758	-196.966
9792	-201.356
9826	-192.511
9860	-196.294
9894	-200.887
9928	-204.056
9962	-199.857
9996	-199.407
10030	-188.705
10064	-184.857
10098	-193.227
10132	-194.347
10166	-199.582
10200	-201.582
10234	-199.549
10268	-201.751
10302	-206.136
10336	-204.586
10370	-200.952
10404	-203.426
10438	-203.238
10472	-199.682
10506	-202.36
10540	-208.949
10574	-209.003
10608	-209.098
10642	-210.142
10676	-208.603
10710	-205.351
10744	-207.23
10778	-208.48
10812	-201.529
10846	-210.665
10880	-211.26
10914	-209.579
10948	-211.524
10982	-215.811
11016	-212.897
11050	-212.249
11084	-208.746
11118	-211.417
11152	-212.095
11186	-215.523
11220	-209.928
11254	-207.985
11288	-210.373
11322	-196.901
11356	-199.717
11390	-200.019
11424	-200.873
11458	-199.496
11492	-194.272
11526	-196.016
11560	-195.034
11594	-193.306
11628	-198.523
11662	-203.524
11696	-207.245
11730	-210.386
11764	-208.942
11798	-201.778
11832	-201.81
11866	-202.847
11900	-202.469
11934	-195.452
11968	-186.383
12002	-191.744
12036	-197.89
12070	-191.559
12104	-193.55
12138	-187.032
12172	-183.594
12206	-186.558
12240	-193.343
12274	-192.077
12308	-192.505
12342	-200.38
12376	-185.559
12410	-191.861
12444	-191.879
12478	-192.317
12512	-192.141
12546	-194.881
12580	-197.731
12614	-199.988
12648	-198.531
12682	-187.475
12716	-201.789
12750	-201.444
12784	-186.988
12818	-191.607
12852	-188.749
12886	-183.299
12920	-197.565
12954	-184.67
12988	-185.741
13022	-192.365
13056	-193.525
13090	-186.804
13124	-197.107
13158	-199.729
13192	-194.817
13226	-188.232
13260	-193.093
13294	-198.212
13328	-203.529
13362	-206.221
13396	-208.193
13430	-210.683
13464	-205.263
13498	-205.534
13532	-201.847
13566	-206.047
13600	-207.783
13634	-207.013
13668	-195.021
13702	-202.365
13736	-190.978
13770	-196.352
13804	-198.941
13838	-193.209
13872	-194.195
13906	-202.971
13940	-203.987
13974	-208.979
14008	-212.852
14042	-209.311
14076	-207.736
14110	-212.507
14144	-200.183
14178	-198.154
14212	-204.482
14246	-200.844
14280	-198.089
14314	-195.331
14348	-197.724
14382	-191.591
14416	-194.23
14450	-209.455
14484	-209.289
14518	-207.852
14552	-202.223
14586	-194.658
14620	-200.183
14654	-199.81
14688	-199.528
14722	-194.427
14756	-194.979
14790	-194.126
14824	-185.24
14858	-194.558
14892	-200.167
14926	-190.672
14960	-200.98
14994	-201.714
15028	-203.586
15062	-199.606
15096	-205.588
15130	-203.39
15164	-204.122
15198	-204.61
15232	-209.128
15266	-206.52
15300	-210.022
15334	-205.585
15368	-203.231
15402	-202.82
15436	-203.86
15470	-198.701
15504	-200.877
15538	-200.016
15572	-206.788
15606	-206.564
15640	-206.546
15674	-202.135
15708	-197.353
15742	-202.59
15776	-211.104
15810	-210.306
15844	-208.703
15878	-203.336
15912	-181.126
15946	-187.206
15980	-204.747
16014	-199.496
16048	-194.945
16082	-207.456
16116	-204.141
16150	-208.457
16184	-210.473
16218	-207.551
16252	-209.984
16286	-207.413
16320	-204.599
16354	-205.621
16388	-214.28
16422	-209.997
16456	-204.228
16490	-208.362
16524	-212.177
16558	-213.042
16592	-215.488
16626	-214.702
16660	-216.019
16694	-215.884
16728	-210.603
16762	-209.706
16796	-209.297
16830	-210.936
16864	-210.769
16898	-202.547
16932	-205.675
16966	-202.108
17000	-207.547
17034	-205.621
17068	-213.057
17102	-210.603
17136	-211.573
17170	-206.191
17204	-209.638
17238	-211.201
17272	-209.271
17306	-206.542
17340	-200.177
17374	-192.76
17408	-198.122
17442	-203.342
17476	-200.792
17510	-198.809
17544	-197.699
17578	-198.683
17612	-198.72
17646	-196.471
17680	-196.85
17714	-191.439
17748	-198.211
17782	-198.674
17816	-200.5
17850	-198.816
17884	-201.998
17918	-203.607
17952	-207.65
17986	-206.641
18020	-196.187
18054	-194.88
18088	-197.237
18122	-203.213
18156	-206.179
18190	-207.067
18224	-210.076
18258	-192.656
18292	-203.108
18326	-208.319
18360	-207.002
18394	-214.652
18428	-215
18462	-207.216
18496	-206.346
18530	-204.145
18564	-208.165
18598	-205.846
18632	-212.896
18666	-211.95
18700	-203.025
18734	-205.649
18768	-204.66
18802	-203.022
18836	-206.529
18870	-204.338
18904	-199.127
18938	-201.61
18972	-194.668
19006	-196.535
19040	-193.222
19074	-189.138
19108	-203.99
19142	-207.062
19176	-205.232
19210	-204.235
19244	-209.618
19278	-211.088
19312	-214.769
19346	-207.086
19380	-213.939
19414	-206.786
19448	-206.911
19482	-208.554
19516	-204.526
19550	-202.719
19584	-206.832
19618	-200.843
19652	-200.462
19686	-197.938
19720	-198.429
19754	-204.64
19788	-204.235
19822	-200.023
19856	-202.884
19890	-195.657
19924	-205.918
19958	-205.147
19992	-205.931
20026	-207.77
20060	-206.468
20094	-205.643
20128	-203.908
20162	-196.305
20196	-198.795
20230	-209.935
20264	-207.499
20298	-206.298
20332	-206.61
20366	-197.526
20400	-199.765
20434	-200.308
20468	-206.067
20502	-206.475
20536	-202.848
20570	-200.984
20604	-208.303
20638	-208.625
20672	-195.739
20706	-194.72
20740	-198.589
20774	-194.435
20808	-190.02
20842	-198.775
20876	-198.745
20910	-199.179
20944	-201.51
20978	-203.216
21012	-206.105
21046	-208.517
21080	-206.132
21114	-205.879
21148	-210.846
21182	-209.661
21216	-206.251
21250	-208.576
21284	-198.133
21318	-199.801
21352	-214.069
21386	-215.652
21420	-210.601
21454	-211.023
21488	-213.606
21522	-213.356
21556	-210.921
21590	-207.142
21624	-204.801
21658	-211.242
21692	-212.055
21726	-209.612
21760	-207.661
21794	-209.53
21828	-205.894
21862	-207.009
21896	-207.816
21930	-205.042
21964	-204.972
21998	-193.3
22032	-198.812
22066	-206.348
22100	-205.129
22134	-208.825
22168	-198.793
22202	-202.812
22236	-191.999
22270	-191.061
22304	-195.029
22338	-189.614
22372	-191.639
22406	-192.936
22440	-199.844
22474	-191.852
22508	-190.723
22542	-194.911
22576	-187.699
22610	-188.576
22644	-204.753
22678	-204.745
22712	-194.92
22746	-201.755
22780	-204.165
22814	-198.68
22848	-198.921
22882	-203.654
22916	-199.601
22950	-207.328
22984	-203.683
23018	-203.114
23052	-198.086
23086	-206.639
23120	-202.227
23154	-199.347
23188	-196.629
23222	-190.089
23256	-196.629
23290	-192.997
23324	-202.63
23358	-202.188
23392	-204.721
23426	-207.412
23460	-202.164
23494	-205.57
23528	-209.134
23562	-207.986
23596	-209.426
23630	-208.243
23664	-200.003
23698	-205.017
23732	-197.969
23766	-205.723
23800	-209.95
23834	-209.737
23868	-203.087
23902	-195.089
23936	-178.656
23970	-195.522
24004	-193.615
24038	-184.187
24072	-186.785
24106	-187.545
24140	-195.996
24174	-192.22
24208	-199.867
24242	-196.182
24276	-195.467
24310	-197.095
24344	-198.864
24378	-196.833
24412	-199.026
24446	-205.813
24480	-205.56
24514	-199.868
24548	-197.368
24582	-192.466
24616	-192.734
24650	-194.076
24684	-190.902
24718	-199.627
24752	-197.853
24786	-198.286
24820	-195.363
24854	-202.636
24888	-202.966
24922	-205.147
24956	-205.986
24990	-208.528
25024	-211.176
25058	-208.04
25092	-210.774
25126	-203.142
25160	-201.006
25194	-199.739
25228	-196.737
25262	-197.151
25296	-189.937
25330	-185.965
25364	-195.052
25398	-193.566
25432	-185.209
25466	-196.166
25500	-207.712
25534	-202.089
25568	-202.015
25602	-208.289
25636	-205.199
25670	-175.213
25704	-177.83
25738	-178.243
25772	-184.559
25806	-180.773
25840	-185.931
25874	-182.933
25908	-179.552
25942	-185.629
25976	-195.098
26010	-196.88
26044	-199.231
26078	-199.386
26112	-199.038
26146	-194.412
26180	-191.931
26214	-192.692
26248	-201.727
26282	-210.84
26316	-204.817
26350	-211.549
26384	-209.859
26418	-206.089
26452	-208.642
26486	-203.337
26520	-208.811
26554	-200.453
26588	-195.849
26622	-204.113
26656	-188.679
26690	-195.099
26724	-197.852
26758	-199.665
26792	-205.53
26826	-205.789
26860	-199.008
26894	-192.859
26928	-195.708
26962	-204.386
26996	-186.371
27030	-203.098
27064	-205.952
27098	-205.689
27132	-204.427
27166	-202.984
27200	-195.651
27234	-198.138
27268	-187.207
27302	-190.577
27336	-201.8
27370	-202.476
27404	-207.094
27438	-201.415
27472	-200.392
27506	-199.444
27540	-193.26
27574	-198.354
27608	-197.683
27642	-202.422
27676	-190.247
27710	-192.597
27744	-199.027
27778	-197.206
27812	-201.441
27846	-193.252
27880	-199.607
27914	-202.099
27948	-203.711
27982	-203.534
28016	-189.352
28050	-190.234
28084	-169.759
28118	-178.541
28152	-182.678
28186	-183.679
28220	-163.482
28254	-172.184
28288	-178.589
28322	-181.132
28356	-187.881
28390	-195.616
28424	-187.331
28458	-185.268
28492	-193.05
28526	-185.49
28560	-175.657
28594	-189.136
28628	-185.823
28662	-197.165
28696	-194.979
28730	-203.055
28764	-193.84
28798	-197.41
28832	-201.866
28866	-206.285
28900	-198.831
28934	-201.302
28968	-194.39
29002	-201.352
29036	-192.035
29070	-189.04
29104	-190.651
29138	-193.803
29172	-191.909
29206	-188.682
29240	-196.083
29274	-183.184
29308	-191.466
29342	-191.004
29376	-187.874
29410	-199.507
29444	-198.844
29478	-200.26
29512	-207.414
29546	-208.806
29580	-201.125
29614	-204.415
29648	-210.449
29682	-211.027
29716	-210.32
29750	-210.878
29784	-199.59
29818	-209.573
29852	-209.163
29886	-210.514
29920	-203.58
29954	-197.835
29988	-201.2
30022	-198.416
30056	-200.042
30090	-194.111
30124	-199.487
30158	-201.101
30192	-190.178
30226	-207.3
30260	-202.208
30294	-188.223
30328	-185.908
30362	-186.465
30396	-191.555
30430	-193.914
30464	-192.721
30498	-189.429
30532	-194.533
30566	-185.893
30600	-191.527
30634	-188.4
30668	-194.86
30702	-186.4
30736	-195.621
30770	-198.654
30804	-201.163
30838	-201.507
30872	-198.536
30906	-198.966
30940	-192.367
30974	-191.095
31008	-193.236
31042	-195.164
31076	-194.435
31110	-206.912
31144	-196.408
31178	-197.348
31212	-200.385
31246	-195.122
31280	-203.158
31314	-199.095
31348	-194.852
31382	-203.568
31416	-201.858
31450	-199.747
31484	-199.561
31518	-190.359
31552	-204.145
31586	-201.845
31620	-201.228
31654	-202.982
31688	-203.041
31722	-201.917
31756	-199.422
31790	-204.627
31824	-203.824
31858	-199.797
31892	-201.343
31926	-207.973
31960	-204.841
31994	-205.029
32028	-203.271
32062	-195.225
32096	-202.922
32130	-195.986
32164	-206.478
32198	-203.379
32232	-199.082
32266	-195.747
32300	-185.338
32334	-191.827
32368	-189.565
32402	-199.486
32436	-189.923
32470	-189.681
32504	-189.448
32538	-185.451
32572	-183.063
32606	-201.881
32640	-206.576
32674	-206.081
32708	-207.275
32742	-212.429
32776	-208.162
32810	-211.146
32844	-203.436
32878	-203.538
32912	-207.997
32946	-206.609
32980	-207.758
33014	-187.739
33048	-198.5
33082	-202.513
33116	-207.741
33150	-210.502
33184	-208.72
33218	-212.926
33252	-210.128
33286	-209.941
33320	-210.483
33354	-211.506
33388	-212.164
33422	-206.103
33456	-210.638
33490	-211.327
33524	-209.379
33558	-206.228
33592	-205.871
33626	-210.734
33660	-210.403
33694	-205.09
33728	-198.361
33762	-197.884
33796	-195.376
33830	-196.924
33864	-194.331
33898	-198.676
33932	-197.701
33966	-194.705
34000	-198.446
34034	-201.944
34068	-200
34102	-201.994
34136	-202.167
34170	-198.783
34204	-197.305
34238	-195.214
34272	-202.364
34306	-205.29
34340	-205.812
34374	-183.355
34408	-200.896
34442	-193.609
34476	-190.661
34510	-195.192
34544	-185.312
34578	-185.535
34612	-175.535
34646	-168.115
34680	-174.032
34714	-180.359
34748	-172.535
34782	-188.643
34816	-187.202
34850	-182.696
34884	-177.958
34918	-184.148
34952	-178.927
34986	-193.324
35020	-195.708
35054	-185.569
35088	-189.152
35122	-178.253
35156	-189.433
35190	-181.727
35224	-189.848
35258	-185.157
35292	-186.334
35326	-187.923
35360	-190.762
35394	-189.59
35428	-191.911
35462	-204.323
35496	-196.045
35530	-189.646
35564	-205.658
35598	-192.681
35632	-201.075
35666	-187.116
35700	-193.185
35734	-192.556
35768	-203.066
35802	-203.687
35836	-207.57
35870	-210.69
35904	-207.441
35938	-204.331
35972	-205.703
36006	-198.671
36040	-207.985
36074	-205.476
36108	-204.464
36142	-197.148
36176	-193.74
36210	-182.023
36244	-189.819
36278	-189.46
36312	-192.926
36346	-207.187
36380	-200.535
36414	-197.753
36448	-198.913
36482	-205.154
36516	-198.206
36550	-186.613
36584	-192.424
36618	-186.95
36652	-190.935
36686	-181.292
36720	-186.13
36754	-180.819
36788	-181.045
36822	-190.081
36856	-192.364
36890	-189.806
36924	-193.346
36958	-188.307
36992	-184.777
37026	-188.276
37060	-174.997
37094	-180.15
37128	-208.932
37162	-201.201
37196	-209.952
37230	-204.4
37264	-202.223
37298	-202.065
37332	-199.24
37366	-201.116
37400	-203.016
37434	-206.523
37468	-207.801
37502	-208.756
37536	-206.279
37570	-210.435
37604	-207.407
37638	-207.999
37672	-208.201
37706	-206.93
37740	-209.26
37774	-209.96
37808	-212.767
37842	-209.445
37876	-209.761
37910	-201.655
37944	-211.338
37978	-207.652
38012	-205.863
38046	-199.933
38080	-193.047
38114	-203.621
38148	-206.596
38182	-204.647
38216	-206.96
38250	-207.025
38284	-206.644
38318	-201.487
38352	-203.639
38386	-194.251
38420	-192.618
38454	-193.895
38488	-192.1
38522	-196.04
38556	-207.813
38590	-203.998
38624	-200.888
38658	-203.714
38692	-207.526
38726	-207.979
38760	-206.095
38794	-192.631
38828	-202.169
38862	-197.709
38896	-201.141
38930	-210.88
38964	-211.918
38998	-210.245
39032	-208.959
39066	-207.806
39100	-205.492
39134	-197.975
39168	-200.127
39202	-205.946
39236	-207.967
39270	-202.856
39304	-206.572
39338	-203.032
39372	-210.55
39406	-206.478
39440	-200.984
39474	-192.998
39508	-199.994
39542	-200.24
39576	-199.33
39610	-202.558
39644	-194.254
39678	-183.334
39712	-178.459
39746	-207.081
39780	-199.179
39814	-192.548
39848	-202.356
39882	-203.588
39916	-202.739
39950	-201.792
39984	-210.454
40018	-204.085
40052	-199.203
40086	-198.242
40120	-199.088
40154	-200.73
40188	-193.216
40222	-198.431
40256	-203.624
40290	-210.042
40324	-211.133
40358	-208.658
40392	-211.877
40426	-209.857
40460	-198.354
40494	-201.263
40528	-189.964
40562	-182.467
40596	-177.004
40630	-184.481
40664	-194.169
40698	-192.965
40732	-193.095
40766	-188.755
40800	-185.751
40834	-187.57
40868	-182.057
40902	-198.27
40936	-193.948
40970	-192.07
41004	-204.501
41038	-200.746
41072	-197.162
41106	-199.857
41140	-196.284
41174	-203.71
41208	-202.266
41242	-205.217
41276	-205.638
41310	-207.406
41344	-198.878
41378	-192.38
41412	-197.492
41446	-193.39
41480	-196.011
41514	-195.01
41548	-193.22
41582	-196.108
41616	-186.458
41650	-191.637
41684	-208.081
41718	-209.65
41752	-211.258
41786	-209.173
41820	-205.967
41854	-211.58
41888	-214.044
41922	-209.587
41956	-213.821
41990	-213.321
42024	-208.309
42058	-205.928
42092	-203.357
42126	-198.177
42160	-202.614
42194	-207.306
42228	-207.257
42262	-201.35
42296	-203.562
42330	-205.104
42364	-207.961
42398	-206.613
42432	-203.715
42466	-206.071
42500	-207.632
42534	-207.365
42568	-196.478
42602	-199.484
42636	-198.537
42670	-200.15
42704	-205.723
42738	-199.511
42772	-207.003
42806	-198.728
42840	-198.86
42874	-199.075
42908	-206.559
42942	-204.791
42976	-211.304
43010	-209.786
43044	-211.687
43078	-200.532
43112	-195.164
43146	-192.014
43180	-191.614
43214	-191.423
43248	-187.523
43282	-190.834
43316	-181.282
43350	-198.318
43384	-195.299
43418	-189.78
43452	-192.018
43486	-192.218
43520	-197.445
43554	-199.315
43588	-192.079
43622	-205.304
43656	-199.277
43690	-199.494
43724	-202.919
43758	-204.349
43792	-198.761
43826	-194.939
43860	-199.666
43894	-206.646
43928	-206.967
43962	-201.289
43996	-205.793
44030	-200.492
44064	-194.699
44098	-196.091
44132	-198.73
44166	-197.171
44200	-200.123
44234	-195.427
44268	-195.322
44302	-198.749
44336	-202.349
44370	-202.88
44404	-199.919
44438	-198.864
44472	-194.824
44506	-196.02
44540	-211.724
44574	-210.942
44608	-208.534
44642	-211.926
44676	-212.321
44710	-212.579
44744	-211.931
44778	-211.659
44812	-210.409
44846	-213.652
44880	-209.908
44914	-207.492
44948	-209.518
44982	-207.439
45016	-208.063
45050	-199.886
45084	-208.034
45118	-208.826
45152	-204.992
45186	-204.323
45220	-204.623
45254	-206.737
45288	-208.001
45322	-213.501
45356	-207.362
45390	-201.168
45424	-204.626
45458	-211.114
45492	-211.608
45526	-212.048
45560	-207.22
45594	-205.742
45628	-211.307
45662	-207.987
45696	-204.019
45730	-204.375
45764	-205.612
45798	-200.59
45832	-206.248
45866	-210.339
45900	-210.946
45934	-212.21
45968	-205.938
46002	-200.944
46036	-211.234
46070	-208.525
46104	-206.723
46138	-203.45
46172	-204.005
46206	-202.718
46240	-198.435
46274	-198.682
46308	-199.298
46342	-202.054
46376	-192.777
46410	-203.392
46444	-204.497
46478	-198.837
46512	-202.626
46546	-193.739
46580	-201.195
46614	-211.024
46648	-204.052
46682	-200.982
46716	-202.52
46750	-201.147
46784	-202.499
46818	-195.388
46852	-194.657
46886	-200.095
46920	-199.386
46954	-201.769
46988	-208.464
47022	-206.174
47056	-191.812
47090	-188.881
47124	-198.119
47158	-191.538
47192	-208.412
47226	-204.482
47260	-207.695
47294	-194.816
47328	-194.105
47362	-205.35
47396	-208.318
47430	-201.809
47464	-198.892
47498	-201.281
47532	-201.629
47566	-202.345
47600	-206.277
47634	-202.333
47668	-197.011
47702	-199.519
47736	-197.011
47770	-184.706
47804	-187.873
47838	-188.777
47872	-183.076
47906	-199.67
47940	-191.192
47974	-199.927
48008	-197.834
48042	-193.944
48076	-188.766
48110	-194.465
48144	-191.303
48178	-200.376
48212	-191.694
48246	-201.729
48280	-202.32
48314	-213.274
48348	-215.526
48382	-208.086
48416	-207.355
48450	-211.743
48484	-210.404
48518	-211.866
48552	-209.174
48586	-203.527
48620	-214.103
48654	-212.661
48688	-213.515
48722	-213.892
48756	-215.923
48790	-213.446
48824	-213.596
48858	-209.735
48892	-198.774
48926	-196.119
48960	-194.439
48994	-202.797
49028	-200.486
49062	-200.495
49096	-201.672
49130	-200.052
49164	-200.004
49198	-203.26
49232	-203.334
49266	-201.605
49300	-207.643
49334	-205.607
49368	-203.72
49402	-200.963
49436	-201.772
49470	-205.4
49504	-203.407
49538	-209.638
49572	-204.598
49606	-208.146
49640	-204.597
49674	-200.913
49708	-207.792
49742	-209.506
49776	-201.778
49810	-203.734
49844	-210.061
49878	-203.044
49912	-199.726
49946	-205.88
49980	-203.984
50014	-201.231
50048	-203.702
50082	-206.979
50116	-210.422
50150	-208.047
50184	-207.066
50218	-210.011
50252	-207.428
50286	-203.764
50320	-205.869
50354	-202.218
50388	-191.508
50422	-200.299
50456	-187.973
50490	-197.647
50524	-199.553
50558	-197.161
50592	-205.77
50626	-195.254
50660	-189.299
50694	-191.667
50728	-195.66
50762	-191.027
50796	-201.909
50830	-195.88
50864	-201.032
50898	-201.038
50932	-208.753
50966	-210.276
51000	-201.136
51034	-199.953
51068	-206.363
51102	-200.931
51136	-212.085
51170	-198.721
51204	-194.428
51238	-197.93
51272	-194.579
51306	-191.976
51340	-194.627
51374	-199.809
51408	-201.349
51442	-207.57
51476	-196.32
51510	-200.604
51544	-194.5
51578	-206.548
51612	-204.562
51646	-194.328
51680	-185.74
51714	-183.357
51748	-193.823
51782	-196.386
51816	-199.31
51850	-203.585
51884	-200.028
51918	-200.072
51952	-194.813
51986	-202.711
52020	-196.607
52054	-197.669
52088	-194.931
52122	-197.949
52156	-196.103
52190	-194.831
52224	-205.754
52258	-197.78
52292	-206.503
52326	-205.102
52360	-205.889
52394	-208.012
52428	-209.448
52462	-205.979
52496	-199.016
52530	-213.319
52564	-214.881
52598	-210.177
52632	-202.872
52666	-205.185
52700	-205.878
52734	-206.575
52768	-205.655
52802	-202.61
52836	-202.153
52870	-207.448
52904	-204.464
52938	-198.555
52972	-195.602
53006	-196.18
53040	-205.071
53074	-202.657
53108	-208.154
53142	-206.532
53176	-209.405
53210	-206.515
53244	-208.879
53278	-209.445
53312	-207.718
53346	-211.359
53380	-206.8
53414	-209.502
53448	-209.891
53482	-210.287
53516	-207.783
53550	-207.912
53584	-208.063
53618	-209.27
53652	-209.02
53686	-204.996
53720	-206.43
53754	-203.513
53788	-193.455
53822	-191.397
53856	-191.131
53890	-197.929
53924	-203.596
53958	-194.838
53992	-190.763
54026	-207.397
54060	-200.297
54094	-203.002
54128	-199.108
54162	-188.525
54196	-187.825
54230	-189.733
54264	-189.87
54298	-193.94
54332	-192.111
54366	-180.813
54400	-183.767
54434	-180.314
54468	-185.943
54502	-189.968
54536	-192.252
54570	-189.861
54604	-197.233
54638	-195.548
54672	-194.175
54706	-192.056
54740	-194.398
54774	-191.582
54808	-192.434
54842	-196.205
54876	-196.433
54910	-195.773
54944	-189.523
54978	-196.199
55012	-190.512
55046	-186.071
55080	-193.83
55114	-184.729
55148	-197.404
55182	-196.795
55216	-200.023
55250	-204.253
55284	-201.466
55318	-185.07
55352	-199.44
55386	-201.864
55420	-196.278
55454	-194.607
55488	-186.64
55522	-186.298
55556	-197.215
55590	-199.911
55624	-195.615
55658	-195.444
55692	-195.965
55726	-206.251
55760	-201.571
55794	-205.646
55828	-197.09
55862	-194.239
55896	-200.449
55930	-203.476
55964	-200.277
55998	-205.412
56032	-202.713
56066	-200.532
56100	-209.637
56134	-207.602
56168	-201.596
56202	-204.711
56236	-207.099
56270	-209.346
56304	-208.562
56338	-206.548
56372	-199.724
56406	-200.984
56440	-200.453
56474	-199.132
56508	-202.752
56542	-205.471
56576	-206.307
56610	-209.427
56644	-201.076
56678	-202.23
56712	-202.393
56746	-195.611
56780	-194.676
56814	-199.808
56848	-200.837
56882	-205.45
56916	-193.071
56950	-203.378
56984	-206.181
57018	-199.109
57052	-193.584
57086	-194.374
57120	-194.415
57154	-197.369
57188	-194.503
57222	-192.338
57256	-191.91
57290	-189.8
57324	-196.071
57358	-197.77
57392	-199.724
57426	-197.15
57460	-193.439
57494	-187.392
57528	-190.893
57562	-187.817
57596	-196.281
57630	-198.211
57664	-195.021
57698	-198.834
57732	-201.183
57766	-194.756
57800	-208.463
57834	-205.733
57868	-205.995
57902	-196.887
57936	-202.792
57970	-205.379
58004	-201.985
58038	-199.333
58072	-196.978
58106	-209.539
58140	-202.941
58174	-211.769
58208	-206.682
58242	-210.215
58276	-206.297
58310	-203.52
58344	-188.713
58378	-188.822
58412	-198.805
58446	-197.963
58480	-198.625
58514	-198.482
58548	-204.859
58582	-205.25
58616	-204.264
58650	-202.256
58684	-208.403
58718	-209.397
58752	-208.131
58786	-202.044
58820	-208.745
58854	-208.423
58888	-211.388
58922	-208.392
58956	-202.744
58990	-195.726
59024	-206.901
59058	-207.4
59092	-208.695
59126	-198.023
59160	-191.594
59194	-195.62
59228	-198.354
59262	-204.758
59296	-199.221
59330	-204.162
59364	-197.32
59398	-200.819
59432	-200.916
59466	-201.622
59500	-206.029
59534	-195.143
59568	-202.207
59602	-202.315
59636	-203.235
59670	-205.643
59704	-206.482
59738	-205.857
59772	-202.459
59806	-205.064
59840	-206.657
59874	-206.739
59908	-203.3
59942	-192.822
59976	-206.547
60010	-202.693
60044	-204.669
60078	-201.054
60112	-199.855
60146	-200.74
60180	-202.614
60214	-207.701
60248	-205.044
60282	-204.8
60316	-203.74
60350	-203.026
60384	-201.428
60418	-199.796
60452	-204.181
60486	-211.605
60520	-209.441
60554	-204.29
60588	-208.859
60622	-205.113
60656	-205.324
60690	-205.148
60724	-202.192
60758	-205.924
60792	-200.221
60826	-203.311
60860	-202.95
60894	-199.308
60928	-193.864
60962	-179.879
60996	-176.146
61030	-178.285
61064	-181.535
61098	-188.548
61132	-184.311
61166	-194.257
61200	-196.923
61234	-200.338
61268	-202.294
61302	-202.876
61336	-195.224
61370	-197.91
61404	-206.247
61438	-205.661
61472	-196.262
61506	-190.943
61540	-185.523
61574	-195.939
61608	-177.708
61642	-178.118
61676	-178.854
61710	-181.217
61744	-183.975
61778	-176.79
61812	-194.6
61846	-181.482
61880	-186.185
61914	-189.897
61948	-192.054
61982	-187.666
62016	-199.622
62050	-203.481
62084	-203.076
62118	-202.679
62152	-207.544
62186	-205.265
62220	-203.748
62254	-205.257
62288	-205.134
62322	-205.068
62356	-198.4
62390	-205.214
62424	-209.964
62458	-208.053
62492	-199.628
62526	-201.67
62560	-195.53
62594	-193.117
62628	-193.627
62662	-196.654
62696	-198.832
62730	-199.709
62764	-200.682
62798	-206.265
62832	-205.026
62866	-202.825
62900	-201.678
62934	-205.022
62968	-196.49
63002	-192.065
63036	-202.882
63070	-201.374
63104	-196.795
63138	-202.746
63172	-204.644
63206	-199.484
63240	-199.121
63274	-208.994
63308	-208.288
63342	-209.914
63376	-209.374
63410	-212.002
63444	-212.616
63478	-212.05
63512	-208.846
63546	-205.838
63580	-206.64
63614	-209.502
63648	-207.39
63682	-207.329
63716	-215.461
63750	-209.154
63784	-209.587
63818	-211.403
63852	-208.806
63886	-206.158
63920	-204.326
63954	-209.707
63988	-209.332
64022	-197.469
64056	-204.308
64090	-203.381
64124	-200.63
64158	-194.36
64192	-191.362
64226	-190.637
64260	-197.386
64294	-203.801
64328	-197.966
64362	-203.383
64396	-206.068
64430	-201.337
64464	-201.723
64498	-184.824
64532	-200.285
64566	-195.037
64600	-209.441
64634	-198.883
64668	-199.283
64702	-196.604
64736	-198.21
64770	-199.849
64804	-198.072
64838	-190.008
64872	-190.723
64906	-188.487
64940	-189.553
64974	-195.211
65008	-177.403
65042	-173.045
65076	-196.424
65110	-191.071
65144	-180.54
65178	-184.01
65212	-187.152
65246	-176.889
65280	-176.693
65314	-181.966
65348	-183.389
65382	-180.93
65416	-196.313
65450	-198.122
65484	-200.489
65518	-192.335
65552	-194.139
65586	-191.051
65620	-200.727
65654	-189.234
65688	-185.469
65722	-192.811
65756	-188.81
65790	-196.746
65824	-194.898
65858	-197.367
65892	-203.298
65926	-204.02
65960	-196.376
65994	-198.6
66028	-197.266
66062	-205.471
66096	-207.876
66130	-206.27
66164	-210.322
66198	-205.448
66232	-201.266
66266	-203.123
66300	-201.986
66334	-206.113
66368	-209.381
66402	-211.038
66436	-213.737
66470	-213.888
66504	-212.04
66538	-199.51
66572	-198.841
66606	-203.887
66640	-206.105
66674	-202.747
66708	-200.254
66742	-209.66
66776	-203.077
66810	-209.508
66844	-205.318
66878	-204.572
66912	-196.971
66946	-198.099
66980	-190.649
67014	-195.579
67048	-200.118
67082	-196.61
67116	-209.243
67150	-199.708
67184	-207.965
67218	-207.316
67252	-204.868
67286	-208.047
67320	-207.513
67354	-203.392
67388	-200.059
67422	-200.231
67456	-208.676
67490	-206.856
67524	-200.933
67558	-208.514
67592	-208.752
67626	-200.564
67660	-197.745
67694	-190.034
67728	-189.421
67762	-190.029
67796	-192.309
67830	-200.525
67864	-202.711
67898	-200.091
67932	-200.081
67966	-206.33
68000	-205.334
68034	-203.236
68068	-197.953
68102	-201.56
68136	-205.426
68170	-202.838
68204	-204.049
68238	-201.155
68272	-198.626
68306	-202.197
68340	-192.132
68374	-192.321
68408	-201.935
68442	-202.587
68476	-197.683
68510	-199.889
68544	-200.579
68578	-197.976
68612	-193.371
68646	-195.668
68680	-197.707
68714	-196.386
68748	-197.68
68782	-199.936
68816	-195.723
68850	-189.03
68884	-194.743
68918	-194.54
68952	-198.815
68986	-199.723
69020	-203.726
69054	-212.719
69088	-214.88
69122	-206.838
69156	-210.746
69190	-210.845
69224	-194.065
69258	-193.702
69292	-193.429
69326	-187.929
69360	-191.339
69394	-192.743
69428	-187.531
69462	-199.602
69496	-189.202
69530	-187.387
69564	-182.517
69598	-191.745
69632	-199.708
69666	-198.369
69700	-187.737
69734	-199.977
69768	-209.009
69802	-200.914
69836	-207.438
69870	-201.281
69904	-200.327
69938	-210.415
69972	-211.336
70006	-210.251
70040	-208.496
70074	-205.65
70108	-204.111
70142	-205.203
70176	-199.806
70210	-203.299
70244	-198.018
70278	-206.597
70312	-204.924
70346	-208.689
70380	-209.124
70414	-207.84
70448	-205.214
70482	-201.383
70516	-202.368
70550	-203.723
70584	-204.712
70618	-198.205
70652	-195.337
70686	-202.65
70720	-199.633
70754	-201.968
70788	-202.985
70822	-205.294
70856	-203.2
70890	-203.03
70924	-197.574
70958	-203.444
70992	-200.905
71026	-209.18
71060	-203.641
71094	-210.241
71128	-207.395
71162	-197.004
71196	-193.834
71230	-195.045
71264	-185.034
71298	-173.03
71332	-174.319
71366	-174.633
71400	-174.391
71434	-186.176
71468	-202.049
71502	-198.277
71536	-199.023
71570	-198.007
71604	-198.922
71638	-194.853
71672	-207.021
71706	-197.523
71740	-201.492
71774	-204.721
71808	-204.265
71842	-200.492
71876	-200.52
71910	-199.005
71944	-204.426
71978	-205.137
72012	-205.73
72046	-208.741
72080	-203.809
72114	-204.713
72148	-204.313
72182	-200.872
72216	-198.895
72250	-199.048
72284	-198.94
72318	-200.286
72352	-202.924
72386	-199.465
72420	-204.055
72454	-204.935
72488	-199.693
72522	-200.508
72556	-205.659
72590	-204.805
72624	-204.587
72658	-198.965
72692	-188.528
72726	-189.072
72760	-188.393
72794	-189.09
72828	-197.48
72862	-202.121
72896	-198.747
72930	-190.031
72964	-206.28
72998	-199.85
73032	-204.056
73066	-201.428
73100	-202.242
73134	-200.187
73168	-197.895
73202	-187.77
73236	-186.691
73270	-198.914
73304	-193.705
73338	-184.647
73372	-184.634
73406	-190.979
73440	-195.486
73474	-194.697
73508	-188.44
73542	-189.733
73576	-194.257
73610	-189.146
73644	-195.32
73678	-205.174
73712	-195.175
73746	-193.477
73780	-200.621
73814	-193.39
73848	-194.318
73882	-193.969
73916	-191.83
73950	-199.445
73984	-202.934
74018	-211.018
74052	-208.039
74086	-202.801
74120	-207.967
74154	-213.756
74188	-209.064
74222	-208.423
74256	-200.983
74290	-196.739
74324	-199.697
74358	-193.612
74392	-182.281
74426	-181.61
74460	-199.161
74494	-211.037
74528	-198.65
74562	-201.919
74596	-202.777
74630	-200.929
74664	-202.394
74698	-202.112
74732	-204.938
74766	-206.435
74800	-205.808
74834	-201.786
74868	-207.264
74902	-209.469
74936	-210.662
74970	-209.593
75004	-207.24
75038	-198.641
75072	-197.588
75106	-204.928
75140	-200.217
75174	-204.949
75208	-210.462
75242	-208.179
75276	-204.906
75310	-205.491
75344	-204.242
75378	-202.952
75412	-198.998
75446	-205.966
75480	-207.41
75514	-201.31
75548	-209.892
75582	-211.038
75616	-204.978
75650	-201.872
75684	-206.934
75718	-207.435
75752	-205.67
75786	-204.195
75820	-193.652
75854	-190.298
75888	-197.725
75922	-205.242
75956	-206.579
75990	-195.513
76024	-196.959
76058	-191.516
76092	-188.649
76126	-192.311
76160	-191.483
76194	-202.668
76228	-202.578
76262	-202.293
76296	-196.875
76330	-193.405
76364	-199.841
76398	-199.401
76432	-195.286
76466	-187.659
76500	-188.571
76534	-193.893
76568	-194.311
76602	-192.631
76636	-185.486
76670	-193.612
76704	-198.208
76738	-194.91
76772	-202.937
76806	-196.033
76840	-202.771
76874	-201.746
76908	-203.326
76942	-199.952
76976	-203.18
77010	-201.093
77044	-193.063
77078	-195.674
77112	-203.886
77146	-200.951
77180	-196.118
77214	-195.778
77248	-197.299
77282	-199.822
77316	-206.175
77350	-206.974
77384	-197.432
77418	-189.774
77452	-198.96
77486	-194.084
77520	-193.028
77554	-195.585
77588	-198.951
77622	-193.517
77656	-197.298
77690	-202.218
77724	-204.154
77758	-197.886
77792	-201.847
77826	-208.37
77860	-197.841
77894	-198.785
77928	-200.748
77962	-185.783
77996	-198.668
78030	-198.116
78064	-205.173
78098	-203.756
78132	-199.909
78166	-199.075
78200	-208.541
78234	-200.923
78268	-206.436
78302	-205.614
78336	-208.333
78370	-209.788
78404	-211.285
78438	-211.448
78472	-210.611
78506	-215.839
78540	-214.087
78574	-207.729
78608	-210.287
78642	-212.007
78676	-209.468
78710	-208.037
78744	-207.755
78778	-208.795
78812	-210.58
78846	-207.847
78880	-209.272
78914	-211.369
78948	-206.706
78982	-212.06
79016	-206.636
79050	-208.543
79084	-208.378
79118	-209.261
79152	-200.488
79186	-201.029
79220	-204.503
79254	-207.592
79288	-212.615
79322	-204.108
79356	-209.705
79390	-196.263
79424	-206.758
79458	-208.288
79492	-203.935
79526	-193.886
79560	-198.89
79594	-193.686
79628	-195.714
79662	-210.022
79696	-201.39
79730	-194.592
79764	-203.501
79798	-194.585
79832	-200.12
79866	-202.27
79900	-206.86
79934	-206.229
79968	-205.976
80002	-205.335
80036	-205.447
80070	-205.141
80104	-202.827
80138	-199.701
80172	-201.036
80206	-211.197
80240	-218.249
80274	-216.132
80308	-211.656
80342	-207.423
80376	-203.55
80410	-203.631
80444	-195.692
80478	-192.039
80512	-197.992
80546	-205.605
80580	-199.586
80614	-205.987
80648	-202.12
80682	-205.694
80716	-207.382
80750	-203.949
80784	-207.737
80818	-206.639
80852	-193.325
80886	-203.065
80920	-195.79
80954	-190.092
80988	-201.974
81022	-200.374
81056	-189.516
81090	-192.145
81124	-191.376
81158	-194.837
81192	-196.616
81226	-203.695
81260	-191.463
81294	-194.224
81328	-191.011
81362	-191.971
81396	-196.159
81430	-194.943
81464	-199.492
81498	-205.541
81532	-202.722
81566	-201.913
81600	-199.8
81634	-193.038
81668	-190.509
81702	-198.467
81736	-190.96
81770	-190.048
81804	-206.09
81838	-211.433
81872	-209.12
81906	-204.796
81940	-208.503
81974	-202.664
82008	-205.056
82042	-198.201
82076	-200.139
82110	-197.524
82144	-193.42
82178	-182.498
82212	-178.634
82246	-179.476
82280	-188.551
82314	-204.387
82348	-182.684
82382	-189.535
82416	-196.425
82450	-197.228
82484	-188.116
82518	-196.867
82552	-183.153
82586	-177.205
82620	-190.322
82654	-182.369
82688	-182.38
82722	-182.471
82756	-191.999
82790	-189.741
82824	-199.958
82858	-200.882
82892	-206.939
82926	-197.182
82960	-204.106
82994	-198.69
83028	-204.946
83062	-185.78
83096	-196.17
83130	-199.329
83164	-191.774
83198	-198.911
83232	-202.455
83266	-198.293
83300	-198.989
83334	-198.681
83368	-197.209
83402	-200.878
83436	-202.758
83470	-192.149
83504	-198.745
83538	-191.935
83572	-194.39
83606	-194.529
83640	-197.017
83674	-202.88
83708	-204.794
83742	-202.411
83776	-199.52
83810	-208.287
83844	-194.438
83878	-203.054
83912	-200.836
83946	-205.187
83980	-200.151
84014	-203.93
84048	-205.704
84082	-203.708
84116	-201.762
84150	-189.627
84184	-195.481
84218	-198.799
84252	-200.232
84286	-206.355
84320	-207.574
84354	-206.742
84388	-210.55
84422	-208.032
84456	-207.132
84490	-206.026
84524	-207.494
84558	-202.612
84592	-207.312
84626	-203.485
84660	-208.353
84694	-207.314
84728	-206.521
84762	-200.309
84796	-204.414
84830	-193.826
84864	-194.611
84898	-191.836
84932	-189.903
84966	-201.504
85000	-193.619
85034	-195.452
85068	-199.086
85102	-202.076
85136	-196.546
85170	-200.385
85204	-209.383
85238	-199.316
85272	-205.002
85306	-201.407
85340	-208.753
85374	-208.507
85408	-210.06
85442	-213.126
85476	-211.811
85510	-205.672
85544	-202.946
85578	-200.028
85612	-194.71
85646	-202.711
85680	-187.901
85714	-197.757
85748	-189.354
85782	-192.839
85816	-183.481
85850	-182.885
85884	-184.583
85918	-179.664
85952	-191.544
85986	-193.852
86020	-185.485
86054	-188.076
86088	-183.521
86122	-188.786
86156	-179.735
86190	-188.752
86224	-186.428
86258	-190.975
86292	-204.969
86326	-189.228
86360	-191.782
86394	-195.206
86428	-189.87
86462	-201.851
86496	-205.794
86530	-200.884
86564	-198.073
86598	-198.677
86632	-183.731
86666	-187.384
86700	-193.041
86734	-191.748
86768	-191.462
86802	-191.42
86836	-192.53
86870	-185.44
86904	-184.757
86938	-193.934
86972	-195.543
87006	-191.973
87040	-197.96
87074	-200.148
87108	-198.798
87142	-203.761
87176	-205.293
87210	-203.083
87244	-195.753
87278	-196.556
87312	-205.744
87346	-200.084
87380	-200.866
87414	-201.844
87448	-203.481
87482	-204.573
87516	-202.79
87550	-206.914
87584	-208.467
87618	-208.244
87652	-211.271
87686	-212.457
87720	-205.585
87754	-207.702
87788	-210.548
87822	-208.589
87856	-209.415
87890	-207.239
87924	-199.514
87958	-199.555
87992	-196.357
88026	-195.845
88060	-193.644
88094	-199.214
88128	-198.615
88162	-196.564
88196	-196.068
88230	-196.643
88264	-198.338
88298	-209.284
88332	-210.904
88366	-207.19
88400	-212.668
88434	-206.553
88468	-205.71
88502	-202.15
88536	-199.711
88570	-205.031
88604	-190.592
88638	-202.161
88672	-203.99
88706	-208.192
88740	-211.232
88774	-205.28
88808	-206.677
88842	-202.339
88876	-199.544
88910	-199.06
88944	-203.425
88978	-201.417
89012	-198.514
89046	-193.974
89080	-198.052
89114	-197.595
89148	-202.375
89182	-199.814
89216	-204.514
89250	-205.566
89284	-195.849
89318	-200.255
89352	-197.504
89386	-198.705
89420	-200.222
89454	-198.718
89488	-198.76
89522	-200.677
89556	-203.026
89590	-194.368
89624	-204.586
89658	-209.321
89692	-206.801
89726	-207.945
89760	-212.277
89794	-208.875
89828	-205.812
89862	-204.363
89896	-204.026
89930	-204.506
89964	-208.223
89998	-207.525
90032	-205.629
90066	-204.863
90100	-202.547
90134	-203.758
90168	-191.649
90202	-194.132
90236	-200.303
90270	-198.934
90304	-190.195
90338	-193.481
90372	-194.865
90406	-194.467
90440	-191.907
90474	-194.837
90508	-195.448
90542	-198.753
90576	-193.761
90610	-188.959
90644	-184.965
90678	-194.5
90712	-193.515
90746	-211.865
90780	-199.514
90814	-192.392
90848	-191.445
90882	-199.771
90916	-194.66
90950	-191.666
90984	-207.234
91018	-193.447
91052	-196.931
91086	-197.847
91120	-197.984
91154	-198.195
91188	-194.398
91222	-209.676
91256	-210.526
91290	-207.905
91324	-206.776
91358	-204.356
91392	-209.849
91426	-207.851
91460	-210.976
91494	-205.897
91528	-200.633
91562	-200.952
91596	-197.059
91630	-209.05
91664	-200.412
91698	-202.352
91732	-197.756
91766	-206.827
91800	-203.339
91834	-202.248
91868	-196.51
91902	-200.855
91936	-192.516
91970	-200.904
92004	-193.57
92038	-197.099
92072	-199.889
92106	-203.269
92140	-207.526
92174	-200.822
92208	-200.969
92242	-199.29
92276	-201.14
92310	-208.57
92344	-208.464
92378	-207.056
92412	-209.613
92446	-210.985
92480	-209.733
92514	-210.322
92548	-209.708
92582	-207.253
92616	-203.093
92650	-204.755
92684	-206.455
92718	-204.756
92752	-207.429
92786	-206.359
92820	-205.28
92854	-207.961
92888	-205.543
92922	-201.952
92956	-206.302
92990	-199.12
93024	-196.143
93058	-197.522
93092	-197.284
93126	-206.463
93160	-202.545
93194	-208.488
93228	-210.577
93262	-208.429
93296	-201.52
93330	-201.614
93364	-209.269
93398	-211.004
93432	-208.995
93466	-205.749
93500	-201.426
93534	-201.346
93568	-205.403
93602	-210.206
93636	-207.688
93670	-211.816
93704	-207.635
93738	-199.988
93772	-206.693
93806	-200.52
93840	-198.739
93874	-202.926
93908	-207.138
93942	-202.038
93976	-195.7
94010	-199.281
94044	-199.07
94078	-199.462
94112	-204.152
94146	-204.326
94180	-210.1
94214	-208.64
94248	-198.635
94282	-206.693
94316	-198.484
94350	-204.97
94384	-204.658
94418	-202.277
94452	-212.1
94486	-204.547
94520	-204.148
94554	-210.875
94588	-213.411
94622	-205.454
94656	-209.145
94690	-209.628
94724	-209.396
94758	-206.906
94792	-207.241
94826	-205.883
94860	-211.146
94894	-210.696
94928	-208.508
94962	-202.941
94996	-205.15
95030	-203.415
95064	-209.835
95098	-209.549
95132	-213.625
95166	-213.325
95200	-209.149
95234	-208.35
95268	-204.382
95302	-207.981
95336	-215.78
95370	-210.893
95404	-200.062
95438	-204.081
95472	-211.096
95506	-210.725
95540	-204.654
95574	-199.624
95608	-206.698
95642	-204.317
95676	-205.683
95710	-210.11
95744	-210.739
95778	-206.541
95812	-208.332
95846	-189.339
95880	-190.547
95914	-193.245
95948	-200.378
95982	-194.463
96016	-204.415
96050	-192.362
96084	-200.928
96118	-202.229
96152	-205.062
96186	-206.522
96220	-198.537
96254	-200.996
96288	-203.704
96322	-206.76
96356	-207.92
96390	-206.398
96424	-203.064
96458	-203.119
96492	-204.557
96526	-206.901
96560	-209.602
96594	-209.52
96628	-211.771
96662	-206.773
96696	-206.852
96730	-199.287
96764	-188.415
96798	-190.903
96832	-192.355
96866	-190.48
96900	-198.952
96934	-191.002
96968	-205.778
97002	-212.251
97036	-211.011
97070	-208.933
97104	-202.684
97138	-205.593
97172	-206.351
97206	-207.039
97240	-201.849
97274	-205.405
97308	-206.589
97342	-200.937
97376	-209.634
97410	-205.958
97444	-203.159
97478	-203.084
97512	-208.526
97546	-207.634
97580	-209.993
97614	-198.845
97648	-199.798
97682	-206.948
97716	-202.763
97750	-211.619
97784	-207.735
97818	-208.985
97852	-207.661
97886	-201.911
97920	-203.785
97954	-211.633
97988	-214.264
98022	-202.483
98056	-203.18
98090	-200.211
98124	-203.246
98158	-205.301
98192	-203.215
98226	-202.605
98260	-204.606
98294	-205.232
98328	-205.14
98362	-201.298
98396	-204.336
98430	-194.115
98464	-206.033
98498	-206.898
98532	-206.286
98566	-211.93
98600	-210.163
98634	-202.954
98668	-201.705
98702	-203.725
98736	-207.78
98770	-206.014
98804	-207.206
98838	-205.813
98872	-201.364
98906	-206.72
98940	-203.26
98974	-203.206
99008	-202.145
99042	-204.273
99076	-203.821
99110	-205.8
99144	-207.177
99178	-209.439
99212	-206.838
99246	-205.032
99280	-199.569
99314	-188.677
99348	-189.541
99382	-179.949
99416	-174.814
99450	-199.69
99484	-199.393
99518	-202.207
99552	-205.713
99586	-206.063
99620	-206.709
99654	-199.085
99688	-204.942
99722	-195.308
99756	-188.523
99790	-192.966
99824	-201.873
99858	-203.522
99892	-198.292
99926	-196.036
99960	-196.914
99994	-186.418
100028	-186.481
100062	-183.983
100096	-187.27
100130	-197.43
100164	-187.183
100198	-197.696
100232	-208.897
100266	-200.421
100300	-195.994
100334	-207.242
100368	-209.765
100402	-213.324
100436	-212.342
100470	-202.005
100504	-205.2
100538	-203.003
100572	-209.403
100606	-208.944
100640	-203.635
100674	-203.844
100708	-202.288
100742	-201.679
100776	-206.912
100810	-200.005
100844	-191.603
100878	-195.738
100912	-192.299
100946	-192.492
100980	-191.202
101014	-192.611
101048	-192.81
101082	-189.502
101116	-201.115
101150	-195.325
101184	-188.396
101218	-202.679
101252	-210.886
101286	-202.012
101320	-200.162
101354	-202.171
101388	-191
101422	-192.411
101456	-207.385
101490	-203.119
101524	-200.959
101558	-203.525
101592	-203.401
101626	-206.267
101660	-207.338
101694	-206.433
101728	-207.676
101762	-206.581
101796	-196.077
101830	-201.774
101864	-201.399
101898	-196.404
101932	-197.482
101966	-191.38
102000	-189.099
102034	-188.789
102068	-194.278
102102	-187.794
102136	-201.321
102170	-197.307
102204	-188.758
102238	-196.777
102272	-188.683
102306	-187.354
102340	-189.61
102374	-189.239
102408	-190.187
102442	-187.354
102476	-194.148
102510	-194.524
102544	-189.418
102578	-178.498
102612	-191.331
102646	-190.228
102680	-186.595
102714	-189.087
102748	-184.601
102782	-185.083
102816	-183.546
102850	-191.475
102884	-194.388
102918	-193.811
102952	-199.667
102986	-197.097
103020	-207.459
103054	-198.311
103088	-191.593
103122	-204.045
103156	-207.336
103190	-206.415
103224	-207.385
103258	-200.985
103292	-200.722
103326	-198.215
103360	-207.136
103394	-212.255
103428	-204.928
103462	-203.27
103496	-209.267
103530	-205.682
103564	-209.321
103598	-210.914
103632	-204.435
103666	-212.14
103700	-214.481
103734	-213.744
103768	-208.131
103802	-201.795
103836	-201.128
103870	-206.135
103904	-204.998
103938	-203.474
103972	-208.673
104006	-206.902
104040	-208.145
104074	-213.947
104108	-212.387
104142	-210.782
104176	-214.451
104210	-212.235
104244	-213.709
104278	-212.816
104312	-211.572
104346	-212.165
104380	-207.597
104414	-212.533
104448	-209.476
104482	-210.331
104516	-210.996
104550	-204.356
104584	-209.354
104618	-207.193
104652	-209.79
104686	-203.763
104720	-203.082
104754	-204.148
104788	-195.654
104822	-197.393
104856	-198.59
104890	-201.511
104924	-209.499
104958	-208.204
104992	-208.529
105026	-209.227
105060	-211.653
105094	-213.617
105128	-210.357
105162	-211.262
105196	-211.671
105230	-210.198
105264	-211.801
105298	-204.578
105332	-214.658
105366	-215.46
105400	-210.242
105434	-208.428
105468	-207.111
105502	-202.913
105536	-193.946
105570	-197.53
105604	-190.431
105638	-191.673
105672	-190.047
105706	-183.687
105740	-180.621
105774	-186.617
105808	-179.163
105842	-190.116
105876	-183.346
105910	-181.59
105944	-190.58
105978	-189.377
106012	-183.423
106046	-191.198
106080	-195.503
106114	-192.942
106148	-192.253
106182	-200.563
106216	-181.551
106250	-183.289
106284	-204.855
106318	-211.2
106352	-207.411
106386	-202.536
106420	-205.258
106454	-198.859
106488	-192.41
106522	-196.575
106556	-199.935
106590	-193.167
106624	-198.373
106658	-197.278
106692	-194.04
106726	-195.035
106760	-201.813
106794	-181.421
106828	-185.103
106862	-185.303
106896	-194.681
106930	-189.909
106964	-173.578
106998	-172.623
107032	-177.087
107066	-169.549
107100	-167.714
107134	-182.093
107168	-179.449
107202	-177.7
107236	-194.25
107270	-190.761
107304	-197.235
107338	-188.915
107372	-202.736
107406	-203.377
107440	-191.71
107474	-189.55
107508	-194.372
107542	-199.236
107576	-194.452
107610	-194.782
107644	-188.915
107678	-198.1
107712	-202.78
107746	-198.867
107780	-208.327
107814	-206.076
107848	-198.181
107882	-189.879
107916	-191.344
107950	-195.614
107984	-198.392
108018	-208.258
108052	-202.798
108086	-206.878
108120	-197.368
108154	-201.087
108188	-186.988
108222	-198.19
108256	-211.317
108290	-205.949
108324	-199.709
108358	-200.135
108392	-202.597
108426	-195.887
108460	-191.703
108494	-196.904
108528	-187.321
108562	-201.802
108596	-198.544
108630	-211.117
108664	-209.774
108698	-213.775
108732	-208.567
108766	-206.258
108800	-209.111
108834	-209.496
108868	-206.066
108902	-203.277
108936	-194.887
108970	-198.953
109004	-199.702
109038	-198.187
109072	-205.057
109106	-209.131
109140	-210.874
109174	-209.966
109208	-213.332
109242	-211.801
109276	-208.184
109310	-204.055
109344	-209.456
109378	-207.661
109412	-205.593
109446	-207.135
109480	-203.914
109514	-200.847
109548	-209.34
109582	-212.063
109616	-212.567
109650	-208.869
109684	-207.746
109718	-201.095
109752	-199.507
109786	-199.865
109820	-199.23
109854	-205.431
109888	-194.718
109922	-199.567
109956	-198.704
109990	-198.814
110024	-205.292
110058	-204.754
110092	-196.365
110126	-197.666
110160	-201.656
110194	-210.517
110228	-209.916
110262	-205.724
110296	-203.58
110330	-199.179
110364	-191.432
110398	-189.967
110432	-188.031
110466	-196.544
110500	-192.918
110534	-194.36
110568	-197.05
110602	-193.043
110636	-192.909
110670	-192.163
110704	-189.656
110738	-191.587
110772	-208.016
110806	-197.203
110840	-194.339
110874	-190.618
110908	-197.821
110942	-202.287
110976	-200.92
111010	-203.67
111044	-206.067
111078	-202.258
111112	-209.03
111146	-208.951
111180	-200.283
111214	-207.109
111248	-201.862
111282	-209.308
111316	-211.299
111350	-212.002
111384	-208.739
111418	-210.185
111452	-202.239
111486	-196.08
111520	-200.015
111554	-186.169
111588	-190.822
111622	-191.831
111656	-194.293
111690	-194.695
111724	-202.505
111758	-198.875
111792	-207.539
111826	-205.741
111860	-204.182
111894	-205.99
111928	-205.31
111962	-210.593
111996	-215.591
112030	-213.427
112064	-206.667
112098	-201.685
112132	-206.36
112166	-208.157
112200	-205.935
112234	-211.627
112268	-206.818
112302	-210.447
112336	-199.39
112370	-197.415
112404	-199.303
112438	-198.713
112472	-186.142
112506	-186.295
112540	-171.9
112574	-175.681
112608	-183.422
112642	-181.242
112676	-170.008
112710	-175.981
112744	-177.556
112778	-185.16
112812	-186.192
112846	-189.444
112880	-188.629
112914	-190.38
112948	-187.58
112982	-187.013
113016	-175.417
113050	-180.739
113084	-181.554
113118	-195.735
113152	-196.303
113186	-198.247
113220	-199.608
113254	-199.399
113288	-201.665
113322	-200.894
113356	-202.733
113390	-205.857
113424	-199.508
113458	-199.178
113492	-201.194
113526	-199.615
113560	-201.495
113594	-202.072
113628	-202.763
113662	-206.742
113696	-204.953
113730	-201.433
113764	-200.413
113798	-202.27
113832	-202.54
113866	-199.366
113900	-199.055
113934	-202.778
113968	-189.456
114002	-191.953
114036	-198.115
114070	-197.502
114104	-198.388
114138	-195.952
114172	-196.157
114206	-201.904
114240	-205.606
114274	-186.365
114308	-186.544
114342	-183.353
114376	-198.514
114410	-189.492
114444	-190.064
114478	-199.814
114512	-187.641
114546	-198.859
114580	-201.91
114614	-201.12
114648	-207.957
114682	-204.817
114716	-197.443
114750	-182.64
114784	-189.722
114818	-192.902
114852	-195.725
114886	-197.234
114920	-191.667
114954	-190.679
114988	-193.682
115022	-193.575
115056	-194.997
115090	-206.346
115124	-212.317
115158	-201.201
115192	-191.582
115226	-208.813
115260	-197.698
115294	-195.693
115328	-186.613
115362	-190.739
115396	-192.132
115430	-191.474
115464	-191.809
115498	-193.436
115532	-188.379
115566	-193.33
115600	-196.585
115634	-191.99
115668	-191.756
115702	-199.341
115736	-197.93
115770	-198.614
115804	-199.316
115838	-199.925
115872	-205.882
115906	-203.315
115940	-197.199
115974	-201.555
116008	-198.505
116042	-201.221
116076	-192.84
116110	-197.543
116144	-198.499
116178	-195.296
116212	-195.609
116246	-198.147
116280	-204.514
116314	-203.519
116348	-206.664
116382	-199.838
116416	-210.373
116450	-210.7
116484	-210.774
116518	-199.906
116552	-198.418
116586	-195.358
116620	-196.356
116654	-192.727
116688	-193.109
116722	-188.57
116756	-204.662
116790	-197.479
116824	-201.402
116858	-198.666
116892	-201.279
116926	-197.331
116960	-186.642
116994	-199.828
117028	-201.762
117062	-201.929
117096	-198.428
117130	-200.506
117164	-196.947
117198	-196.047
117232	-197.43
117266	-193.589
117300	-195.216
117334	-189.892
117368	-191.523
117402	-202.057
117436	-204.459
117470	-200.969
117504	-201.558
117538	-203.183
117572	-185.762
117606	-186.804
117640	-193.938
117674	-203.852
117708	-205.062
117742	-199.765
117776	-202.733
117810	-199.927
117844	-189.451
117878	-199.725
117912	-205.022
117946	-201.318
117980	-198.6
118014	-194.559
118048	-200.037
118082	-192.027
118116	-202.477
118150	-197.703
118184	-189.663
118218	-206.733
118252	-205.658
118286	-198.797
118320	-207.13
118354	-198.537
118388	-191.521
118422	-199.64
118456	-193.245
118490	-193.057
118524	-197.094
118558	-197.726
118592	-200.597
118626	-194.476
118660	-204.13
118694	-198.302
118728	-198.107
118762	-198.357
118796	-198.913
118830	-182.666
118864	-178.838
118898	-179.246
118932	-198.84
118966	-193.996
119000	-199.933
119034	-189.921
119068	-197.024
119102	-195.631
119136	-205.706
119170	-195.76
119204	-209.1
119238	-197.125
119272	-191.778
119306	-195.525
119340	-191.399
119374	-200.718
119408	-204.561
119442	-204.448
119476	-199.164
119510	-203.622
119544	-199.955
119578	-208.142
119612	-205.616
119646	-201.625
119680	-199.727
119714	-195.711
119748	-198.929
119782	-194.273
119816	-198.167
119850	-195.32
119884	-196.471
119918	-195.118
119952	-191.115
119986	-205.822
120020	-203.978
120054	-210.221
120088	-202.091
120122	-204.741
120156	-205.058
120190	-202.938
120224	-199.826
120258	-204.841
120292	-206.563
120326	-205.576
120360	-206.439
120394	-207.042
120428	-209.964
120462	-203.929
120496	-206.607
120530	-207.617
120564	-209.396
120598	-205.813
120632	-200.798
120666	-196.172
120700	-199.393
120734	-207.56
120768	-208.425
120802	-204.324
120836	-205.588
120870	-205.047
120904	-200.402
120938	-198.592
120972	-202.469
121006	-201.159
121040	-199.911
121074	-198.27
121108	-198.148
121142	-201.139
121176	-203.994
121210	-204.328
121244	-202.822
121278	-204.514
121312	-203.013
121346	-203.652
121380	-202.987
121414	-200.164
121448	-207.679
121482	-206.176
121516	-205.006
121550	-206.557
121584	-201.003
121618	-202.477
121652	-203.719
121686	-201.168
121720	-202.166
121754	-206.183
121788	-203.136
121822	-201.567
121856	-200.556
121890	-197.138
121924	-196.588
121958	-194.956
121992	-210.243
122026	-201.885
122060	-201.861
122094	-202.823
122128	-203.771
122162	-203.038
122196	-207.384
122230	-198.952
122264	-198.081
122298	-200.204
122332	-192.856
122366	-184.775
122400	-182.205
122434	-191.501
122468	-190.086
122502	-197.263
122536	-203.099
122570	-202.588
122604	-209.452
122638	-198.892
122672	-206.208
122706	-203.43
122740	-197.394
122774	-201.02
122808	-197.578
122842	-199.935
122876	-196.476
122910	-195.847
122944	-194.724
122978	-203.907
123012	-204.02
123046	-200.28
123080	-202.002
123114	-200.67
123148	-197.482
123182	-203.967
123216	-196.895
123250	-196.166
123284	-204.693
123318	-203.364
123352	-196.446
123386	-205.13
123420	-200.265
123454	-200.683
123488	-206.757
123522	-200.153
123556	-204.33
123590	-198.792
123624	-201.28
123658	-194.7
123692	-197.917
123726	-188.066
123760	-201.972
123794	-197.495
123828	-195.684
123862	-197.061
123896	-193.294
123930	-198.278
123964	-208.244
123998	-206.997
124032	-203.602
124066	-199.513
124100	-196.714
124134	-197.586
124168	-201.913
124202	-199.786
124236	-195.811
124270	-192.868
124304	-194.317
124338	-207.737
124372	-196.51
124406	-203.697
124440	-208.965
124474	-209.632
124508	-205.387
124542	-205.881
124576	-200.766
124610	-200.459
124644	-202.364
124678	-197.824
124712	-191.728
124746	-206.34
124780	-211.087
124814	-213.212
124848	-213.336
124882	-206.203
124916	-205.653
124950	-204.969
124984	-203.048
125018	-205.411
125052	-190.229
125086	-183.936
125120	-205.554
125154	-204.344
125188	-192.635
125222	-189.415
125256	-193.769
125290	-197.791
125324	-204.492
125358	-201.817
125392	-209.866
125426	-204.993
125460	-204.324
125494	-207.176
125528	-200.393
125562	-203.268
125596	-193.326
125630	-199.468
125664	-201.776
125698	-199.666
125732	-200.976
125766	-193.153
125800	-196.347
125834	-199.322
125868	-199.786
125902	-200.906
125936	-207.342
125970	-200.088
126004	-207.003
126038	-208.421
126072	-211.269
126106	-209.566
126140	-207.286
126174	-205.366
126208	-210.48
126242	-211.282
126276	-210.318
126310	-195.796
126344	-199.945
126378	-198.991
126412	-203.735
126446	-193.613
126480	-202.569
126514	-200.152
126548	-199.963
126582	-208.247
126616	-207.68
126650	-201.441
126684	-206.331
126718	-197.652
126752	-200.888
126786	-193.833
126820	-184.892
126854	-181.556
126888	-177.621
126922	-199.578
126956	-194.442
126990	-191.831
127024	-197.121
127058	-202.316
127092	-198.82
127126	-204.38
127160	-212.694
127194	-210.281
127228	-214.224
127262	-211.504
127296	-209.255
127330	-209.225
127364	-210.427
127398	-205.155
127432	-201.553
127466	-203.782
127500	-207.899
127534	-199.161
127568	-198.481
127602	-211.384
127636	-211.473
127670	-211.826
127704	-206.98
127738	-195.506
127772	-207.227
127806	-209.027
127840	-210.323
127874	-206.515
127908	-206.617
127942	-207.478
127976	-209.963
128010	-212.127
128044	-215.129
128078	-215.306
128112	-211.44
128146	-207.23
128180	-211.569
128214	-208.702
128248	-209.35
128282	-206.374
128316	-206.82
128350	-202.125
128384	-207.634
128418	-203.578
128452	-204.304
128486	-203.176
128520	-207.513
128554	-207.547
128588	-207.297
128622	-194.138
128656	-192.188
128690	-190.8
128724	-193.038
128758	-192.835
128792	-187.643
128826	-198.16
128860	-204.726
128894	-199.783
128928	-203.716
128962	-209.848
128996	-198.732
129030	-198.625
129064	-197.138
129098	-197.456
129132	-197.636
129166	-204.609
129200	-198.979
129234	-200.999
129268	-213.486
129302	-212.875
129336	-190.209
129370	-195.057
129404	-188.269
129438	-200.911
129472	-195.011
129506	-192.356
129540	-192.546
129574	-198.836
129608	-201.55
129642	-196.053
129676	-204.618
129710	-203.003
129744	-194.824
129778	-199.246
129812	-187.906
129846	-201.55
129880	-198.52
129914	-203.612
129948	-195.75
129982	-194.709
130016	-199.624
130050	-190.915
130084	-198.656
130118	-200.415
130152	-192.485
130186	-192.285
130220	-193.03
130254	-186.821
130288	-177.537
130322	-180.561
130356	-184.103
130390	-187.315
130424	-185.037
130458	-185.449
130492	-175.94
130526	-181.133
130560	-179.976
130594	-179.207
130628	-179.597
130662	-183.004
130696	-183.057
130730	-186.568
130764	-188.646
130798	-190.16
130832	-204.191
130866	-203.957
130900	-190.62
130934	-202.034
130968	-205.28
131002	-204.424
131036	-196.517
131070	-195.062
131104	-199.899
131138	-203.915
131172	-196.574
131206	-206.006
131240	-207.428
131274	-209.896
131308	-208.757
131342	-200.494
131376	-210.002
131410	-205.393
131444	-209.263
131478	-196.218
131512	-200.638
131546	-189.048
131580	-186.407
131614	-212.024
131648	-210.198
131682	-211.634
131716	-208.134
131750	-210.573
131784	-209.329
131818	-213.604
131852	-206.557
131886	-208.273
131920	-195.927
131954	-205.24
131988	-204.632
132022	-195.276
132056	-194.305
132090	-190.307
132124	-196.005
132158	-192.565
132192	-190.989
132226	-182.56
132260	-188.664
132294	-200.294
132328	-203.304
132362	-194.907
132396	-192.48
132430	-207.143
132464	-203.026
132498	-203.883
132532	-207.234
132566	-208.528
132600	-209.521
132634	-204.662
132668	-205.296
132702	-203.959
132736	-208.068
132770	-196.878
132804	-203.968
132838	-207.979
132872	-204.985
132906	-206.013
132940	-208.011
132974	-201.77
133008	-207.733
133042	-210.234
133076	-195.371
133110	-202.863
133144	-199.656
133178	-197.641
133212	-196.627
133246	-194.976
133280	-196.898
133314	-193.818
133348	-193.936
133382	-199.614
133416	-196.281
133450	-195.624
133484	-193.851
133518	-194.676
133552	-195.949
133586	-199.635
133620	-202.53
133654	-202.986
133688	-203.073
133722	-204.09
133756	-209.629
133790	-211.031
133824	-208.975
133858	-201.401
133892	-189.526
133926	-194.334
133960	-198.672
133994	-206.833
134028	-203.312
134062	-189.85
134096	-192.803
134130	-190.353
134164	-187.539
134198	-191.951
134232	-191.776
134266	-190.644
134300	-194.973
134334	-192.291
134368	-192.573
134402	-196.905
134436	-191.334
134470	-202.473
134504	-212.659
134538	-210.082
134572	-212.895
134606	-210.231
134640	-208.657
134674	-197.443
134708	-201.746
134742	-193.704
134776	-204.43
134810	-191.777
134844	-206.159
134878	-199.51
134912	-195.611
134946	-212.897
134980	-207.789
135014	-202.959
135048	-207.527
135082	-210.697
135116	-208.24
135150	-197.478
135184	-192.723
135218	-194.414
135252	-192.737
135286	-196.272
135320	-193.631
135354	-189.562
135388	-188.516
135422	-197.52
135456	-199.142
135490	-191.578
135524	-194.345
135558	-203.662
135592	-208.904
135626	-206.059
135660	-206.814
135694	-204.986
135728	-206.258
135762	-209.672
135796	-203.024
135830	-211.411
135864	-209.068
135898	-207.538
135932	-208.746
135966	-212.176
136000	-205.227
136034	-205.118
136068	-195.214
136102	-206.255
136136	-196.723
136170	-197.876
136204	-197.313
136238	-204.372
136272	-206.326
136306	-210.549
136340	-210.796
136374	-208.541
136408	-190.272
136442	-198.462
136476	-204.874
136510	-191.686
136544	-197.606
136578	-203.975
136612	-189.194
136646	-197.192
136680	-182.632
136714	-180.107
136748	-186.104
136782	-181.958
136816	-192.116
136850	-190.42
136884	-193.317
136918	-190.127
136952	-195.3
136986	-193.678
137020	-194.678
137054	-196.33
137088	-204.871
137122	-195.049
137156	-176.87
137190	-175.236
137224	-183.847
137258	-188.396
137292	-202.889
137326	-193.018
137360	-194.07
137394	-195.039
137428	-200.152
137462	-207.02
137496	-206.569
137530	-205.14
137564	-204.446
137598	-212.929
137632	-213.65
137666	-211.793
137700	-202.077
137734	-204.15
137768	-198.806
137802	-202.502
137836	-205.288
137870	-206.846
137904	-204.478
137938	-188.543
137972	-194
138006	-191.222
138040	-194.17
138074	-197.353
138108	-194.195
138142	-191.238
138176	-188.969
138210	-202.027
138244	-200.453
138278	-198.903
138312	-200.544
138346	-200.573
138380	-207.038
138414	-209.585
138448	-205.96
138482	-206.063
138516	-203.31
138550	-203.792
138584	-208.044
138618	-208.55
138652	-213.699
138686	-209.502
138720	-215.573
138754	-205.139
138788	-207.81
138822	-208.694
138856	-210.891
138890	-212.921
138924	-211.534
138958	-212.845
138992	-206.555
139026	-206.331
139060	-195.847
139094	-203.543
139128	-192.671
139162	-183.361
139196	-187.629
139230	-188.218
139264	-196.197
139298	-208.365
139332	-202.666
139366	-194.561
139400	-196.24
139434	-197.214
139468	-204.544
139502	-209.56
139536	-200.888
139570	-209.359
139604	-208.23
139638	-205.201
139672	-208.007
139706	-205.461
139740	-207.531
139774	-213.39
139808	-209.056
139842	-208.865
139876	-212.144
139910	-208.251
139944	-206.667
139978	-206.94
140012	-208.819
140046	-212.294
140080	-212.748
140114	-209.605
140148	-206.138
140182	-208.633
140216	-205.342
140250	-209.157
140284	-210.024
140318	-200.298
140352	-203.186
140386	-199.318
140420	-197.84
140454	-191.026
140488	-188.965
140522	-189.899
140556	-198.037
140590	-200.116
140624	-200.228
140658	-193.797
140692	-192.776
140726	-196.293
140760	-203.301
140794	-194.495
140828	-200.353
140862	-190.319
140896	-201.078
140930	-205.214
140964	-204.098
140998	-206.936
141032	-198.677
141066	-202.251
141100	-209.34
141134	-204.044
141168	-199.694
141202	-206.115
141236	-198.043
141270	-201.568
141304	-195.923
141338	-193.106
141372	-191.664
141406	-190.992
141440	-186.019
141474	-198.489
141508	-190.255
141542	-198.347
141576	-185.499
141610	-181.106
141644	-184.923
141678	-184.554
141712	-195.163
141746	-190.607
141780	-182.384
141814	-177.181
141848	-171.427
141882	-197.316
141916	-203.84
141950	-196.848
141984	-199.316
142018	-197.136
142052	-199.14
142086	-202.6
142120	-202.35
142154	-202.092
142188	-204.634
142222	-200.939
142256	-193.844
142290	-196.728
142324	-200.668
142358	-207.954
142392	-202.471
142426	-196.543
142460	-197.179
142494	-192.242
142528	-193.34
142562	-196.743
142596	-202.88
142630	-195.242
142664	-196.661
142698	-200.59
142732	-200.115
142766	-195.349
142800	-193.503
142834	-192.532
142868	-206.345
142902	-204.238
142936	-200.425
142970	-197.13
143004	-200.246
143038	-192.179
143072	-197.119
143106	-197.988
143140	-203.167
143174	-205.632
143208	-203.336
143242	-197.073
143276	-196.413
143310	-192.031
143344	-194.444
143378	-198.789
143412	-199.609
143446	-195.682
143480	-199.077
143514	-202.135
143548	-198.899
143582	-201.447
143616	-207.743
143650	-199.229
143684	-202.104
143718	-196.601
143752	-199.27
143786	-199.708
143820	-202.344
143854	-200.001
143888	-197.905
143922	-201.551
143956	-196.924
143990	-192.808
144024	-195.922
144058	-194.814
144092	-198.657
144126	-198.51
144160	-200.1
144194	-202.379
144228	-204.259
144262	-209.15
144296	-188.93
144330	-180.643
144364	-191.157
144398	-184.204
144432	-199.02
144466	-200.051
144500	-202.351
144534	-196.884
144568	-199.043
144602	-197.346
144636	-200.106
144670	-193.799
144704	-185.382
144738	-188.027
144772	-173.113
144806	-197.548
144840	-198.919
144874	-192.915
144908	-192.942
144942	-191.227
144976	-190.532
145010	-196.423
145044	-198.251
145078	-199.33
145112	-192.438
145146	-201.885
145180	-201.899
145214	-195.767
145248	-202.522
145282	-202.443
145316	-202.158
145350	-207.365
145384	-205.182
145418	-204.927
145452	-207.165
145486	-211.414
145520	-214.096
145554	-214.109
145588	-216.164
145622	-208.544
145656	-206.803
145690	-206.068
145724	-209.095
145758	-199.407
145792	-191.211
145826	-185.412
145860	-194.412
145894	-188.944
145928	-183.688
145962	-188.577
145996	-194.381
146030	-191.566
146064	-185.122
146098	-183.669
146132	-182.596
146166	-173.25
146200	-168.786
146234	-173.955
146268	-183.483
146302	-176.817
146336	-178.505
146370	-178.049
146404	-189.543
146438	-199.117
146472	-196.496
146506	-192.619
146540	-203.288
146574	-196.876
146608	-202.035
146642	-207.432
146676	-208.794
146710	-210.186
146744	-208.171
146778	-207.661
146812	-198.058
146846	-203.76
146880	-201.866
146914	-200.599
146948	-197.667
146982	-202.333
147016	-205.955
147050	-205.358
147084	-205.603
147118	-202.478
147152	-203.68
147186	-205.407
147220	-205.257
147254	-205.059
147288	-208.537
147322	-197.807
147356	-195.16
147390	-195.915
147424	-203.989
147458	-207.015
147492	-207.264
147526	-205.482
147560	-205.029
147594	-201.501
147628	-208.513
147662	-197.644
147696	-202.734
147730	-198.491
147764	-205.219
147798	-206.1
147832	-207.679
147866	-208.77
147900	-205.885
147934	-198.507
147968	-200.674
148002	-202.671
148036	-209.341
148070	-206.836
148104	-210.217
148138	-199.095
148172	-204.236
148206	-212.161
148240	-213.932
148274	-204.332
148308	-200.018
148342	-195.94
148376	-192.099
148410	-197.836
148444	-202.369
148478	-201.291
148512	-200.023
148546	-202.556
148580	-197.158
148614	-191.669
148648	-192.173
148682	-192.327
148716	-187.553
148750	-185.885
148784	-190.869
148818	-187.693
148852	-190.579
148886	-189.779
148920	-193.903
148954	-194.329
148988	-198.303
149022	-193.625
149056	-199.755
149090	-195.014
149124	-189.518
149158	-197.202
149192	-197.089
149226	-204.23
149260	-194.345
149294	-204.237
149328	-205.77
149362	-201.919
149396	-200.458
149430	-200.215
149464	-198.508
149498	-199.008
149532	-198.91
149566	-201.419
149600	-209.393
149634	-196.975
149668	-206.965
149702	-209.495
149736	-205.311
149770	-203.169
149804	-201.675
149838	-208.059
149872	-197.359
149906	-201.487
149940	-203.902
149974	-206.125
150008	-202.704
150042	-204.203
150076	-204.035
150110	-201.233
150144	-205.029
150178	-196.858
150212	-195.041
150246	-197.862
150280	-195.82
150314	-202.36
150348	-202.792
150382	-205.635
150416	-198.884
150450	-198.686
150484	-205.448
150518	-201.764
150552	-202.986
150586	-204.872
150620	-207.998
150654	-204.202
150688	-197.73
150722	-195.671
150756	-185.339
150790	-202.593
150824	-191.219
150858	-195.54
150892	-196.36
150926	-193.105
150960	-195.582
150994	-189.762
151028	-192.382
151062	-208.197
151096	-206.766
151130	-200.147
151164	-192.905
151198	-192.098
151232	-190.037
151266	-200.286
151300	-205.176
151334	-204.141
151368	-208.272
151402	-206.106
151436	-206.445
151470	-204.729
151504	-209.063
151538	-203.009
151572	-201.624
151606	-207.082
151640	-204.519
151674	-205.175
151708	-205.545
151742	-205.881
151776	-198.204
151810	-194.406
151844	-200.416
151878	-203.734
151912	-199.849
151946	-203.999
151980	-195.576
152014	-194.746
152048	-184.013
152082	-194.51
152116	-199.224
152150	-208.823
152184	-207.996
152218	-209.282
152252	-203.006
152286	-198.667
152320	-210.564
152354	-208.336
152388	-207.146
152422	-209.234
152456	-206.049
152490	-207.523
152524	-209.537
152558	-204.157
152592	-207.161
152626	-208.987
152660	-202.607
152694	-207.392
152728	-202.761
152762	-201.37
152796	-205.753
152830	-200.569
152864	-207.041
152898	-208.489
152932	-206.984
152966	-208.654
153000	-205.629
153034	-208.091
153068	-206.463
153102	-214.252
153136	-214.556
153170	-210.085
153204	-206.117
153238	-203.281
153272	-202.353
153306	-205.319
153340	-205.133
153374	-204.147
153408	-199.526
153442	-194.462
153476	-205.94
153510	-197.651
153544	-196.518
153578	-198.826
153612	-195.587
153646	-191.386
153680	-203.197
153714	-206.642
153748	-202.946
153782	-205.1
153816	-206.416
153850	-204.628
153884	-211.122
153918	-202.709
153952	-203.529
153986	-198.135
154020	-191.655
154054	-205.766
154088	-200.524
154122	-199.371
154156	-204.067
154190	-197.531
154224	-194.232
154258	-197.018
154292	-201.064
154326	-196.12
154360	-188.287
154394	-198.093
154428	-198.792
154462	-200.515
154496	-192.506
154530	-196.421
154564	-204.82
154598	-206.482
154632	-210.195
154666	-206.129
154700	-209.722
154734	-214.257
154768	-211.42
154802	-207.217
154836	-213.192
154870	-204.12
154904	-199.65
154938	-201.632
154972	-203.939
155006	-206.06
155040	-209.955
155074	-210.359
155108	-208.117
155142	-205.835
155176	-213.091
155210	-213.607
155244	-209.04
155278	-203.992
155312	-209.261
155346	-203.305
155380	-203.252
155414	-205.919
155448	-210.414
155482	-210.389
155516	-209.932
155550	-208.49
155584	-197.968
155618	-204.904
155652	-203.707
155686	-206.178
155720	-206.535
155754	-201.824
155788	-195.162
155822	-200.225
155856	-205.819
155890	-209.767
155924	-198.925
155958	-203.208
155992	-205.276
156026	-206.613
156060	-204.51
156094	-204.646
156128	-205.69
156162	-202.79
156196	-207.654
156230	-208.345
156264	-213.299
156298	-212.866
156332	-209.595
156366	-211.413
156400	-204.759
156434	-201.098
156468	-203.908
156502	-199.048
156536	-201.121
156570	-195.731
156604	-199.229
156638	-200.656
156672	-198.872
156706	-198.771
156740	-199.513
156774	-199.88
156808	-202.645
156842	-200.424
156876	-202.192
156910	-211.414
156944	-203.819
156978	-203.264
157012	-191.296
157046	-202.689
157080	-199.905
157114	-204.973
157148	-206.467
157182	-208.79
157216	-205.436
157250	-207.957
157284	-205.817
157318	-206.469
157352	-201.218
157386	-204.59
157420	-199.74
157454	-203.09
157488	-196.032
157522	-194.747
157556	-199.934
157590	-208.572
157624	-205.216
157658	-208.42
157692	-208.048
157726	-207.715
157760	-210.735
157794	-209.718
157828	-209.638
157862	-200.821
157896	-196.889
157930	-189.066
157964	-194.445
157998	-180.702
158032	-185.519
158066	-185.55
158100	-188.189
158134	-188.101
158168	-190.662
158202	-173.917
158236	-177.546
158270	-181.121
158304	-186.908
158338	-183.175
158372	-183.153
158406	-191.46
158440	-189.586
158474	-190.282
158508	-193.836
158542	-190.808
158576	-189.912
158610	-178.627
158644	-181.143
158678	-207.318
158712	-206.041
158746	-195.462
158780	-196.535
158814	-203.075
158848	-212.471
158882	-211.144
158916	-210.78
158950	-208.41
158984	-203.911
159018	-207.1
159052	-206.396
159086	-200.173
159120	-199.971
159154	-205.714
159188	-203.104
159222	-200.283
159256	-198.569
159290	-190.28
159324	-201.313
159358	-196.099
159392	-200.828
159426	-201.621
159460	-201.908
159494	-189.901
159528	-189.456
159562	-194.568
159596	-192.347
159630	-195.487
159664	-195.338
159698	-200.376
159732	-202.651
159766	-204.632
159800	-203.497
159834	-203.823
159868	-206.888
159902	-210.508
159936	-205.56
159970	-202.706
160004	-201.224
160038	-204.138
160072	-203.007
160106	-210.77
160140	-204.138
160174	-201.786
160208	-205.412
160242	-202.034
160276	-203.347
160310	-201.602
160344	-201.341
160378	-199.676
160412	-196.075
160446	-197.041
160480	-196.588
160514	-196.201
160548	-202.226
160582	-205.304
160616	-206.918
160650	-204.051
160684	-206.007
160718	-205.953
160752	-208.117
160786	-200.977
160820	-207.34
160854	-206.434
160888	-204.311
160922	-199.908
160956	-201.951
160990	-205.35
161024	-198.073
161058	-204.942
161092	-212.445
161126	-209.153
161160	-207.004
161194	-210.789
161228	-209.905
161262	-210.286
161296	-210.316
161330	-213.089
161364	-205.017
161398	-202.007
161432	-210.568
161466	-206.524
161500	-200.554
161534	-203.876
161568	-208.016
161602	-207.021
161636	-206.367
161670	-209.797
161704	-205.73
161738	-204.723
161772	-207.384
161806	-208.739
161840	-206.774
161874	-205.576
161908	-205.366
161942	-208.095
161976	-202.798
162010	-201.792
162044	-197.722
162078	-198.882
162112	-193.232
162146	-188.491
162180	-196.4
162214	-200.869
162248	-198.485
162282	-203.303
162316	-198.527
162350	-210.336
162384	-194.477
162418	-182.943
162452	-199.019
162486	-196.271
162520	-201.323
162554	-201.249
162588	-203.652
162622	-200.907
162656	-210.861
162690	-200.576
162724	-202.723
162758	-205.669
162792	-198.423
162826	-199.082
162860	-205.408
162894	-209.585
162928	-204.301
162962	-194.49
162996	-192.447
163030	-178.749
163064	-181.051
163098	-185.807
163132	-180.423
163166	-189.177
163200	-184.479
163234	-198.034
163268	-188.11
163302	-193.161
163336	-188.411
163370	-187.024
163404	-189.51
163438	-195.517
163472	-187.758
163506	-186.241
163540	-183.688
163574	-183.964
163608	-192.76
163642	-192.685
163676	-191.004
163710	-204.075
163744	-208.569
163778	-204.382
163812	-207.219
163846	-201.049
163880	-203.357
163914	-200.457
163948	-190.37
163982	-199.56
164016	-202.108
164050	-202.731
164084	-200.925
164118	-204.636
164152	-206.704
164186	-202.26
164220	-197.582
164254	-194.417
164288	-201.491
164322	-202.681
164356	-202.22
164390	-210.48
164424	-212.945
164458	-205.69
164492	-195.95
164526	-197.168
164560	-180.913
164594	-187.36
164628	-184.106
164662	-181.382
164696	-199.278
164730	-191.301
164764	-189.418
164798	-197.998
164832	-202.826
164866	-203.111
164900	-199.295
164934	-196.457
164968	-197.285
165002	-194.167
165036	-199.772
165070	-197.704
165104	-203.079
165138	-201.153
165172	-197.354
165206	-196.108
165240	-200.375
165274	-198.999
165308	-203.278
165342	-201.977
165376	-195.288
165410	-190.914
165444	-192.177
165478	-192.631
165512	-204.348
165546	-197.286
165580	-206.747
165614	-200.009
165648	-191.003
165682	-200.648
165716	-193.03
165750	-203.198
165784	-203.893
165818	-205.025
165852	-207.33
165886	-208.204
165920	-206.806
165954	-207.773
165988	-209.872
166022	-208.626
166056	-210.334
166090	-209.753
166124	-210.332
166158	-210.728
166192	-209.497
166226	-210.292
166260	-206.194
166294	-205.5
166328	-204.575
166362	-205.521
166396	-198.558
166430	-198.694
166464	-190.534
166498	-196.856
166532	-205.539
166566	-202.942
166600	-203.464
166634	-201.459
166668	-200.156
166702	-200.045
166736	-200.215
166770	-194.335
166804	-192.847
166838	-200.078
166872	-203.219
166906	-194.487
166940	-205.638
166974	-202.752
167008	-195.294
167042	-187.532
167076	-186.197
167110	-197.209
167144	-183.642
167178	-188.221
167212	-183.632
167246	-189.827
167280	-191.351
167314	-192.418
167348	-185.739
167382	-195.686
167416	-210.89
167450	-205.905
167484	-207.971
167518	-208.645
167552	-208.251
167586	-210.777
167620	-207.432
167654	-210.515
167688	-207.966
167722	-209.729
167756	-206.011
167790	-199.351
167824	-200.753
167858	-201.888
167892	-194.243
167926	-188.998
167960	-191.928
167994	-195.445
168028	-191.683
168062	-195.91
168096	-191.024
168130	-191.847
168164	-195.159
168198	-193.032
168232	-185.898
168266	-181.559
168300	-207.158
168334	-206.458
168368	-209.63
168402	-206.346
168436	-207.013
168470	-207.659
168504	-207.621
168538	-207.706
168572	-210.624
168606	-207.132
168640	-210.889
168674	-211.342
168708	-204.49
168742	-212.259
168776	-211.985
168810	-209.073
168844	-207.697
168878	-207.048
168912	-208.017
168946	-208.705
168980	-205.267
169014	-209.072
169048	-209.398
169082	-209.455
169116	-205.327
169150	-207.011
169184	-204.336
169218	-206.062
169252	-204.942
169286	-198.686
169320	-202.563
169354	-186.76
169388	-209.57
169422	-206.043
169456	-195.922
169490	-206.255
169524	-209.035
169558	-199.495
169592	-189.724
169626	-192.058
169660	-196.546
169694	-196.88
169728	-188.094
169762	-196.677
169796	-203.161
169830	-202.79
169864	-205.951
169898	-198.852
169932	-202.856
169966	-195.466
170000	-205.406
170034	-195.179
170068	-192.95
170102	-196.803
170136	-196.638
170170	-200.703
170204	-202.464
170238	-198.804
170272	-198.973
170306	-201.126
170340	-205.655
170374	-209.623
170408	-200.009
170442	-197.439
170476	-193.738
170510	-194.423
170544	-196.659
170578	-208.938
170612	-208.454
170646	-204.536
170680	-198.136
170714	-190.205
170748	-195.13
170782	-192.832
170816	-188.476
170850	-195.723
170884	-189.14
170918	-195.678
170952	-196.466
170986	-200.174
171020	-201.266
171054	-199.319
171088	-202.88
171122	-201.365
171156	-205.644
171190	-209.06
171224	-205.45
171258	-205.417
171292	-203.3
171326	-201.552
171360	-202.008
171394	-204.725
171428	-198.305
171462	-206.439
171496	-197.471
171530	-194.617
171564	-188.753
171598	-193.421
171632	-202.011
171666	-188.922
171700	-192.585
171734	-196.039
171768	-199.9
171802	-196.904
171836	-202.927
171870	-200.758
171904	-192.873
171938	-195.545
171972	-192.175
172006	-203.118
172040	-199.524
172074	-198.294
172108	-191.529
172142	-203.374
172176	-206.803
172210	-207.748
172244	-200.663
172278	-187.302
172312	-189.078
172346	-194.671
172380	-204.686
172414	-204.394
172448	-202.001
172482	-201.683
172516	-187.749
172550	-178.732
172584	-179.415
172618	-176.317
172652	-188.185
172686	-183.441
172720	-192.379
172754	-184.946
172788	-198.155
172822	-186.084
172856	-193.215
172890	-189.474
172924	-194.103
172958	-190.018
172992	-190.975
173026	-195.815
173060	-193.874
173094	-190.637
173128	-191.796
173162	-197.065
173196	-191.61
173230	-189.641
173264	-185.006
173298	-190.684
173332	-204.758
173366	-204.045
173400	-191.354
173434	-195.951
173468	-189.341
173502	-191.99
173536	-192.367
173570	-197.097
173604	-207.04
173638	-207.361
173672	-201.047
173706	-194.086
173740	-197.44
173774	-196.256
173808	-191.551
173842	-196.721
173876	-207.64
173910	-200.293
173944	-209.419
173978	-203.652
174012	-207.004
174046	-202.362
174080	-197.116
174114	-206.838
174148	-212.359
174182	-203.595
174216	-208.166
174250	-209.248
174284	-212.605
174318	-211.324
174352	-207.648
174386	-206.195
174420	-208.994
174454	-210.983
174488	-209.262
174522	-206.038
174556	-206.189
174590	-209.012
174624	-206.103
174658	-205.495
174692	-210.993
174726	-200.166
174760	-205.189
174794	-205.296
174828	-209.327
174862	-213.655
174896	-208.533
174930	-207.77
174964	-209.951
174998	-208.051
175032	-211.009
175066	-205.388
175100	-204.806
175134	-209.18
175168	-213.622
175202	-209.325
175236	-211.144
175270	-212.816
175304	-213.826
175338	-214.868
175372	-210.518
175406	-212.528
175440	-210.271
175474	-204.344
175508	-189.074
175542	-195.038
175576	-208.432
175610	-200.817
175644	-201.941
175678	-199.137
175712	-209.237
175746	-209.624
175780	-200.996
175814	-203.407
175848	-203.992
175882	-196.857
175916	-193.607
175950	-198.157
175984	-188.975
176018	-186.843
176052	-185.694
176086	-192.508
176120	-187.375
176154	-195.191
176188	-192.314
176222	-199.224
176256	-202.629
176290	-207.663
176324	-206.911
176358	-205.088
176392	-204.807
176426	-210.768
176460	-210.4
176494	-210.447
176528	-208.353
176562	-211.352
176596	-214.74
176630	-206.642
176664	-214.545
176698	-205.05
176732	-206.403
176766	-205.322
176800	-205.96
176834	-206.559
176868	-209.445
176902	-207.622
176936	-207.132
176970	-199.007
177004	-198.655
177038	-203.447
177072	-197.543
177106	-198.897
177140	-192.794
177174	-196.331
177208	-204.491
177242	-207.107
177276	-206.107
177310	-207.687
177344	-204.961
177378	-200.322
177412	-206.358
177446	-200.59
177480	-200.503
177514	-202.868
177548	-195.496
177582	-203.09
177616	-197.333
177650	-194.016
177684	-204.391
177718	-192.846
177752	-210.636
177786	-203.96
177820	-200.263
177854	-203.273
177888	-202.278
177922	-205.363
177956	-205.529
177990	-202.671
178024	-199.428
178058	-197.343
178092	-203.852
178126	-204.384
178160	-203.947
178194	-209.248
178228	-201.623
178262	-200.141
178296	-205.662
178330	-200.183
178364	-205.689
178398	-198.607
178432	-201.063
178466	-200.754
178500	-206.516
178534	-205.956
178568	-205.152
178602	-205.617
178636	-207.627
178670	-205.944
178704	-210.112
178738	-205.58
178772	-204.861
178806	-207.271
178840	-206.735
178874	-209.119
178908	-202.613
178942	-203.158
178976	-203.656
179010	-206.177
179044	-206.821
179078	-203.954
179112	-210.027
179146	-203.603
179180	-206.182
179214	-199.029
179248	-208.264
179282	-202.146
179316	-202.835
179350	-211.627
179384	-214.174
179418	-209.161
179452	-211.375
179486	-207.374
179520	-200.688
179554	-196.303
179588	-199.528
179622	-197.97
179656	-206.829
179690	-208.269
179724	-206.154
179758	-204.716
179792	-208.146
179826	-207.781
179860	-208.23
179894	-210.175
179928	-205.911
179962	-203.082
179996	-200.609
180030	-197.04
180064	-209.051
180098	-203.248
180132	-200.479
180166	-199.527
180200	-203.921
180234	-196.363
180268	-195.907
180302	-187.421
180336	-188.147
180370	-202.825
180404	-200.681
180438	-200.483
180472	-189.804
180506	-187.363
180540	-189.112
180574	-190.702
180608	-193.665
180642	-174.674
180676	-173.755
180710	-175.019
180744	-190.945
180778	-199.598
180812	-195.994
180846	-192.758
180880	-190.366
180914	-187.481
180948	-199.091
180982	-189.582
181016	-203.999
181050	-199.589
181084	-190.691
181118	-201.576
181152	-191.606
181186	-198.397
181220	-198.162
181254	-190.054
181288	-188.648
181322	-203.31
181356	-202.417
181390	-204.151
181424	-202.616
181458	-197.056
181492	-197.687
181526	-197.156
181560	-196.271
181594	-173.698
181628	-171.127
181662	-174.995
181696	-177.262
181730	-186.504
181764	-184.601
181798	-180.351
181832	-179.031
181866	-196.144
181900	-204.596
181934	-186.12
181968	-186.805
182002	-189.121
182036	-189.293
182070	-188.226
182104	-197.879
182138	-199.461
182172	-193.131
182206	-188.627
182240	-193.311
182274	-192.118
182308	-199.502
182342	-197.635
182376	-204.257
182410	-192.18
182444	-193.284
182478	-194.311
182512	-189.442
182546	-198.404
182580	-197.593
182614	-195.491
182648	-192.563
182682	-196.716
182716	-206.696
182750	-206.964
182784	-205.868
182818	-210.751
182852	-197.752
182886	-195.98
182920	-208.865
182954	-210.63
182988	-195.074
183022	-194.205
183056	-187.56
183090	-190.088
183124	-187.869
183158	-189.887
183192	-184.514
183226	-196.896
183260	-203.591
183294	-200.51
183328	-202.958
183362	-195.687
183396	-202.311
183430	-201.835
183464	-197.525
183498	-203.417
183532	-189.477
183566	-184.841
183600	-194.174
183634	-185.103
183668	-201.045
183702	-190.995
183736	-204.288
183770	-210.659
183804	-194.403
183838	-197.755
183872	-173.331
183906	-174.822
183940	-188.073
183974	-186.484
184008	-193.336
184042	-189.859
184076	-186.414
184110	-179.7
184144	-174.412
184178	-169.747
184212	-166.051
184246	-195.625
184280	-189.629
184314	-185.062
184348	-198.715
184382	-194.699
184416	-204.975
184450	-201.915
184484	-187.781
184518	-206.073
184552	-198.346
184586	-208.141
184620	-210.634
184654	-200.979
184688	-190.714
184722	-197.374
184756	-190.627
184790	-192.87
184824	-197.54
184858	-202.589
184892	-207.675
184926	-202.92
184960	-198.445
184994	-201.258
185028	-203.634
185062	-191.772
185096	-198.233
185130	-200.659
185164	-206.196
185198	-203.772
185232	-203.033
185266	-207.801
185300	-206.197
185334	-193.682
185368	-193.278
185402	-195.38
185436	-191.954
185470	-197.111
185504	-188.167
185538	-197.862
185572	-200.351
185606	-197.449
185640	-186.526
185674	-186.35
185708	-187.304
185742	-192.689
185776	-192.786
185810	-190.614
185844	-197.73
185878	-198.06
185912	-194.68
185946	-205.057
185980	-203.359
186014	-206.194
186048	-203.487
186082	-201.446
186116	-201.944
186150	-201.99
186184	-202.352
186218	-200.374
186252	-198.59
186286	-199.146
186320	-209.302
186354	-209.695
186388	-207.944
186422	-210.868
186456	-211.185
186490	-209.756
186524	-212.465
186558	-213.022
186592	-202.43
186626	-198.72
186660	-206.554
186694	-209.45
186728	-208.404
186762	-204.439
186796	-199.736
186830	-193.764
186864	-197.15
186898	-190.072
186932	-194.38
186966	-192.241
187000	-196.966
187034	-194.811
187068	-197.242
187102	-195.415
187136	-195.262
187170	-201.454
187204	-203.602
187238	-206.278
187272	-213.316
187306	-213.007
187340	-210.893
187374	-213.979
187408	-210.19
187442	-206.943
187476	-204.261
187510	-204.08
187544	-210.192
187578	-196.757
187612	-202.658
187646	-207.541
187680	-209.891
187714	-209.479
187748	-206.863
187782	-196.811
187816	-201.784
187850	-195.294
187884	-200.154
187918	-208.414
187952	-207.655
187986	-204.672
188020	-193.318
188054	-198.384
188088	-199.899
188122	-204.072
188156	-194.985
188190	-198.87
188224	-196.765
188258	-198.12
188292	-198.432
188326	-197.339
188360	-192.321
188394	-189.732
188428	-187.068
188462	-186.086
188496	-183.352
188530	-183.254
188564	-182.244
188598	-183.138
188632	-181.952
188666	-170.254
188700	-170.569
188734	-169.708
188768	-181.756
188802	-175.482
188836	-193.677
188870	-186.154
188904	-204.074
188938	-205.077
188972	-199.455
189006	-205.139
189040	-208.167
189074	-209.966
189108	-211.981
189142	-215.547
189176	-216.201
189210	-206.012
189244	-197.934
189278	-195.283
189312	-191.61
189346	-198.161
189380	-193.061
189414	-199.736
189448	-192.748
189482	-193.003
189516	-192.213
189550	-193.203
189584	-188.905
189618	-201.866
189652	-199.949
189686	-197.889
189720	-193.099
189754	-187.114
189788	-180.257
189822	-189.511
189856	-187.321
189890	-190.507
189924	-190.417
189958	-198.378
189992	-189.157
190026	-192.479
190060	-182.593
190094	-184.9
190128	-200.587
190162	-199.164
190196	-196.083
190230	-194.097
190264	-194.833
190298	-199.275
190332	-203.247
190366	-203.947
190400	-204.38
190434	-207.922
190468	-197.878
190502	-196.96
190536	-198.513
190570	-203.539
190604	-199.569
190638	-203.007
190672	-199.718
190706	-206.235
190740	-203.658
190774	-206.56
190808	-208.258
190842	-209.917
190876	-211.777
190910	-204.567
190944	-205.208
190978	-206.499
191012	-207.49
191046	-207.578
191080	-212.797
191114	-207.136
191148	-200.9
191182	-213.097
191216	-209.056
191250	-212.275
191284	-212.088
191318	-208.916
191352	-199.517
191386	-203.329
191420	-198.811
191454	-206.827
191488	-204.367
191522	-205.444
191556	-211.346
191590	-208.756
191624	-207.961
191658	-210.515
191692	-210.172
191726	-211.449
191760	-209.569
191794	-211.898
191828	-213.183
191862	-213.948
191896	-214.799
191930	-208.954
191964	-207.183
191998	-203.864
192032	-208.446
192066	-203.638
192100	-205.622
192134	-211.1
192168	-211.261
192202	-209.243
192236	-210.225
192270	-208.192
192304	-202.699
192338	-206.708
192372	-191.727
192406	-194.034
192440	-193.065
192474	-197.618
192508	-194.779
192542	-189.744
192576	-200.879
192610	-206.526
192644	-208.901
192678	-209.671
192712	-211.623
192746	-208.822
192780	-208.871
192814	-208.297
192848	-210.406
192882	-203.878
192916	-202.076
192950	-202.802
192984	-198.195
193018	-201.922
193052	-195.019
193086	-188.866
193120	-194.114
193154	-192.837
193188	-203.394
193222	-202.772
193256	-204.561
193290	-203.291
193324	-210.443
193358	-210.607
193392	-208.569
193426	-210.043
193460	-208.834
193494	-208.945
193528	-209.926
193562	-207.084
193596	-208.211
193630	-209.391
193664	-211.082
193698	-210.382
193732	-213.749
193766	-215.358
193800	-217.339
193834	-214.339
193868	-215.436
193902	-216.187
193936	-212.373
193970	-207.592
194004	-202.296
194038	-206.979
194072	-211.606
194106	-190.408
194140	-189.661
194174	-191.434
194208	-193.318
194242	-198.8
194276	-194.303
194310	-194.607
194344	-206.196
194378	-206.924
194412	-207.364
194446	-192.066
194480	-185.351
194514	-188.539
194548	-199.607
194582	-204.086
194616	-206.229
194650	-203.087
194684	-203.754
194718	-208.166
194752	-208.016
194786	-207.823
194820	-206.951
194854	-202.095
194888	-200.331
194922	-201.985
194956	-200.939
194990	-203.704
195024	-201.029
195058	-204.32
195092	-210.464
195126	-205.447
195160	-205.595
195194	-200.905
195228	-196.276
195262	-197.756
195296	-198.663
195330	-209.35
195364	-211.125
195398	-211.585
195432	-210.018
195466	-210.369
195500	-215.017
195534	-210.021
195568	-215.54
195602	-214.996
195636	-206.8
195670	-206.004
195704	-206.528
195738	-207.699
195772	-208.64
195806	-207.553
195840	-206.161
195874	-203.51
195908	-204.233
195942	-205.025
195976	-205.418
196010	-203.979
196044	-207.517
196078	-206.303
196112	-205.051
196146	-204.429
196180	-203.747
196214	-194.093
196248	-194.458
196282	-186.669
196316	-188.429
196350	-189.494
196384	-195.976
196418	-200.057
196452	-200.711
196486	-202.146
196520	-204.114
196554	-206.488
196588	-204.1
